fill	colour	x	y	group	xmin	xmax	ymin	ymax
#51A8EB	#51A8EB	0.0606060606060606	0.0670995670995671	1	0.0454545454545455	0.0757575757575758	0.0454545454545454	0.0887445887445887
#51A8EB	#51A8EB	0.0606060606060606	0.0670995670995671	1	0.0454545454545455	0.0757575757575758	0.0454545454545454	0.0887445887445887
#4FA4E5	#4FA4E5	0.0909090909090909	0.0670995670995671	1	0.0757575757575758	0.106060606060606	0.0454545454545454	0.0887445887445887
#4FA4E5	#4FA4E5	0.0909090909090909	0.0670995670995671	1	0.0757575757575758	0.106060606060606	0.0454545454545454	0.0887445887445887
#4FA4E5	#4FA4E5	0.0909090909090909	0.0670995670995671	1	0.0757575757575758	0.106060606060606	0.0454545454545454	0.0887445887445887
#4D9FDF	#4D9FDF	0.121212121212121	0.0670995670995671	1	0.106060606060606	0.136363636363636	0.0454545454545454	0.0887445887445887
#4D9FDF	#4D9FDF	0.121212121212121	0.0670995670995671	1	0.106060606060606	0.136363636363636	0.0454545454545454	0.0887445887445887
#4D9FDF	#4D9FDF	0.121212121212121	0.0670995670995671	1	0.106060606060606	0.136363636363636	0.0454545454545454	0.0887445887445887
#4D9FDF	#4D9FDF	0.151515151515152	0.0670995670995671	1	0.136363636363636	0.166666666666667	0.0454545454545454	0.0887445887445887
#4B9BD9	#4B9BD9	0.151515151515152	0.0670995670995671	1	0.136363636363636	0.166666666666667	0.0454545454545454	0.0887445887445887
#4B9BD9	#4B9BD9	0.151515151515152	0.0670995670995671	1	0.136363636363636	0.166666666666667	0.0454545454545454	0.0887445887445887
#4B9BD9	#4B9BD9	0.181818181818182	0.0670995670995671	1	0.166666666666667	0.196969696969697	0.0454545454545454	0.0887445887445887
#4B9BD9	#4B9BD9	0.181818181818182	0.0670995670995671	1	0.166666666666667	0.196969696969697	0.0454545454545454	0.0887445887445887
#4997D4	#4997D4	0.181818181818182	0.0670995670995671	1	0.166666666666667	0.196969696969697	0.0454545454545454	0.0887445887445887
#4793CE	#4793CE	0.212121212121212	0.0670995670995671	1	0.196969696969697	0.227272727272727	0.0454545454545454	0.0887445887445887
#4793CE	#4793CE	0.212121212121212	0.0670995670995671	1	0.196969696969697	0.227272727272727	0.0454545454545454	0.0887445887445887
#458EC9	#458EC9	0.212121212121212	0.0670995670995671	1	0.196969696969697	0.227272727272727	0.0454545454545454	0.0887445887445887
#438AC3	#438AC3	0.242424242424242	0.0670995670995671	1	0.227272727272727	0.257575757575758	0.0454545454545454	0.0887445887445887
#438AC3	#438AC3	0.242424242424242	0.0670995670995671	1	0.227272727272727	0.257575757575758	0.0454545454545454	0.0887445887445887
#438AC3	#438AC3	0.242424242424242	0.0670995670995671	1	0.227272727272727	0.257575757575758	0.0454545454545454	0.0887445887445887
#438AC3	#438AC3	0.272727272727273	0.0670995670995671	1	0.257575757575758	0.287878787878788	0.0454545454545454	0.0887445887445887
#438AC3	#438AC3	0.272727272727273	0.0670995670995671	1	0.257575757575758	0.287878787878788	0.0454545454545454	0.0887445887445887
#4086BE	#4086BE	0.272727272727273	0.0670995670995671	1	0.257575757575758	0.287878787878788	0.0454545454545454	0.0887445887445887
#4086BE	#4086BE	0.303030303030303	0.0670995670995671	1	0.287878787878788	0.318181818181818	0.0454545454545454	0.0887445887445887
#4086BE	#4086BE	0.303030303030303	0.0670995670995671	1	0.287878787878788	0.318181818181818	0.0454545454545454	0.0887445887445887
#4086BE	#4086BE	0.303030303030303	0.0670995670995671	1	0.287878787878788	0.318181818181818	0.0454545454545454	0.0887445887445887
#438AC3	#438AC3	0.333333333333333	0.0670995670995671	1	0.318181818181818	0.348484848484849	0.0454545454545454	0.0887445887445887
#458EC9	#458EC9	0.333333333333333	0.0670995670995671	1	0.318181818181818	0.348484848484849	0.0454545454545454	0.0887445887445887
#458EC9	#458EC9	0.333333333333333	0.0670995670995671	1	0.318181818181818	0.348484848484849	0.0454545454545454	0.0887445887445887
#4793CE	#4793CE	0.363636363636364	0.0670995670995671	1	0.348484848484849	0.378787878787879	0.0454545454545454	0.0887445887445887
#4793CE	#4793CE	0.363636363636364	0.0670995670995671	1	0.348484848484849	0.378787878787879	0.0454545454545454	0.0887445887445887
#4793CE	#4793CE	0.363636363636364	0.0670995670995671	1	0.348484848484849	0.378787878787879	0.0454545454545454	0.0887445887445887
#4997D4	#4997D4	0.393939393939394	0.0670995670995671	1	0.378787878787879	0.409090909090909	0.0454545454545454	0.0887445887445887
#4997D4	#4997D4	0.393939393939394	0.0670995670995671	1	0.378787878787879	0.409090909090909	0.0454545454545454	0.0887445887445887
#4B9BD9	#4B9BD9	0.393939393939394	0.0670995670995671	1	0.378787878787879	0.409090909090909	0.0454545454545454	0.0887445887445887
#4B9BD9	#4B9BD9	0.424242424242424	0.0670995670995671	1	0.409090909090909	0.439393939393939	0.0454545454545454	0.0887445887445887
#4B9BD9	#4B9BD9	0.424242424242424	0.0670995670995671	1	0.409090909090909	0.439393939393939	0.0454545454545454	0.0887445887445887
#4B9BD9	#4B9BD9	0.424242424242424	0.0670995670995671	1	0.409090909090909	0.439393939393939	0.0454545454545454	0.0887445887445887
#4D9FDF	#4D9FDF	0.454545454545455	0.0670995670995671	1	0.439393939393939	0.46969696969697	0.0454545454545454	0.0887445887445887
#4D9FDF	#4D9FDF	0.454545454545455	0.0670995670995671	1	0.439393939393939	0.46969696969697	0.0454545454545454	0.0887445887445887
#4D9FDF	#4D9FDF	0.454545454545455	0.0670995670995671	1	0.439393939393939	0.46969696969697	0.0454545454545454	0.0887445887445887
#4B9BD9	#4B9BD9	0.484848484848485	0.0670995670995671	1	0.46969696969697	0.5	0.0454545454545454	0.0887445887445887
#4B9BD9	#4B9BD9	0.484848484848485	0.0670995670995671	1	0.46969696969697	0.5	0.0454545454545454	0.0887445887445887
#4B9BD9	#4B9BD9	0.484848484848485	0.0670995670995671	1	0.46969696969697	0.5	0.0454545454545454	0.0887445887445887
#4997D4	#4997D4	0.515151515151515	0.0670995670995671	1	0.5	0.53030303030303	0.0454545454545454	0.0887445887445887
#4997D4	#4997D4	0.515151515151515	0.0670995670995671	1	0.5	0.53030303030303	0.0454545454545454	0.0887445887445887
#4997D4	#4997D4	0.515151515151515	0.0670995670995671	1	0.5	0.53030303030303	0.0454545454545454	0.0887445887445887
#4997D4	#4997D4	0.545454545454545	0.0670995670995671	1	0.53030303030303	0.560606060606061	0.0454545454545454	0.0887445887445887
#4997D4	#4997D4	0.545454545454545	0.0670995670995671	1	0.53030303030303	0.560606060606061	0.0454545454545454	0.0887445887445887
#4793CE	#4793CE	0.545454545454545	0.0670995670995671	1	0.53030303030303	0.560606060606061	0.0454545454545454	0.0887445887445887
#4793CE	#4793CE	0.575757575757576	0.0670995670995671	1	0.560606060606061	0.590909090909091	0.0454545454545454	0.0887445887445887
#4793CE	#4793CE	0.575757575757576	0.0670995670995671	1	0.560606060606061	0.590909090909091	0.0454545454545454	0.0887445887445887
#4793CE	#4793CE	0.575757575757576	0.0670995670995671	1	0.560606060606061	0.590909090909091	0.0454545454545454	0.0887445887445887
#4997D4	#4997D4	0.606060606060606	0.0670995670995671	1	0.590909090909091	0.621212121212121	0.0454545454545454	0.0887445887445887
#4997D4	#4997D4	0.606060606060606	0.0670995670995671	1	0.590909090909091	0.621212121212121	0.0454545454545454	0.0887445887445887
#4997D4	#4997D4	0.606060606060606	0.0670995670995671	1	0.590909090909091	0.621212121212121	0.0454545454545454	0.0887445887445887
#4997D4	#4997D4	0.636363636363636	0.0670995670995671	1	0.621212121212121	0.651515151515151	0.0454545454545454	0.0887445887445887
#4997D4	#4997D4	0.636363636363636	0.0670995670995671	1	0.621212121212121	0.651515151515151	0.0454545454545454	0.0887445887445887
#4997D4	#4997D4	0.636363636363636	0.0670995670995671	1	0.621212121212121	0.651515151515151	0.0454545454545454	0.0887445887445887
#4997D4	#4997D4	0.666666666666667	0.0670995670995671	1	0.651515151515151	0.681818181818182	0.0454545454545454	0.0887445887445887
#4997D4	#4997D4	0.666666666666667	0.0670995670995671	1	0.651515151515151	0.681818181818182	0.0454545454545454	0.0887445887445887
#4793CE	#4793CE	0.666666666666667	0.0670995670995671	1	0.651515151515151	0.681818181818182	0.0454545454545454	0.0887445887445887
#4793CE	#4793CE	0.696969696969697	0.0670995670995671	1	0.681818181818182	0.712121212121212	0.0454545454545454	0.0887445887445887
#4793CE	#4793CE	0.696969696969697	0.0670995670995671	1	0.681818181818182	0.712121212121212	0.0454545454545454	0.0887445887445887
#4793CE	#4793CE	0.696969696969697	0.0670995670995671	1	0.681818181818182	0.712121212121212	0.0454545454545454	0.0887445887445887
#4793CE	#4793CE	0.727272727272727	0.0670995670995671	1	0.712121212121212	0.742424242424242	0.0454545454545454	0.0887445887445887
#4793CE	#4793CE	0.727272727272727	0.0670995670995671	1	0.712121212121212	0.742424242424242	0.0454545454545454	0.0887445887445887
#458EC9	#458EC9	0.727272727272727	0.0670995670995671	1	0.712121212121212	0.742424242424242	0.0454545454545454	0.0887445887445887
#458EC9	#458EC9	0.757575757575758	0.0670995670995671	1	0.742424242424242	0.772727272727273	0.0454545454545454	0.0887445887445887
#4793CE	#4793CE	0.757575757575758	0.0670995670995671	1	0.742424242424242	0.772727272727273	0.0454545454545454	0.0887445887445887
#4793CE	#4793CE	0.757575757575758	0.0670995670995671	1	0.742424242424242	0.772727272727273	0.0454545454545454	0.0887445887445887
#4997D4	#4997D4	0.787878787878788	0.0670995670995671	1	0.772727272727273	0.803030303030303	0.0454545454545454	0.0887445887445887
#4B9BD9	#4B9BD9	0.787878787878788	0.0670995670995671	1	0.772727272727273	0.803030303030303	0.0454545454545454	0.0887445887445887
#4D9FDF	#4D9FDF	0.787878787878788	0.0670995670995671	1	0.772727272727273	0.803030303030303	0.0454545454545454	0.0887445887445887
#4FA4E5	#4FA4E5	0.818181818181818	0.0670995670995671	1	0.803030303030303	0.833333333333333	0.0454545454545454	0.0887445887445887
#4FA4E5	#4FA4E5	0.818181818181818	0.0670995670995671	1	0.803030303030303	0.833333333333333	0.0454545454545454	0.0887445887445887
#51A8EB	#51A8EB	0.818181818181818	0.0670995670995671	1	0.803030303030303	0.833333333333333	0.0454545454545454	0.0887445887445887
#51A8EB	#51A8EB	0.848484848484849	0.0670995670995671	1	0.833333333333333	0.863636363636364	0.0454545454545454	0.0887445887445887
#51A8EB	#51A8EB	0.848484848484849	0.0670995670995671	1	0.833333333333333	0.863636363636364	0.0454545454545454	0.0887445887445887
#51A8EB	#51A8EB	0.848484848484849	0.0670995670995671	1	0.833333333333333	0.863636363636364	0.0454545454545454	0.0887445887445887
#51A8EB	#51A8EB	0.878787878787879	0.0670995670995671	1	0.863636363636364	0.893939393939394	0.0454545454545454	0.0887445887445887
#51A8EB	#51A8EB	0.878787878787879	0.0670995670995671	1	0.863636363636364	0.893939393939394	0.0454545454545454	0.0887445887445887
#51A8EB	#51A8EB	0.878787878787879	0.0670995670995671	1	0.863636363636364	0.893939393939394	0.0454545454545454	0.0887445887445887
#53ACF1	#53ACF1	0.909090909090909	0.0670995670995671	1	0.893939393939394	0.924242424242424	0.0454545454545454	0.0887445887445887
#53ACF1	#53ACF1	0.909090909090909	0.0670995670995671	1	0.893939393939394	0.924242424242424	0.0454545454545454	0.0887445887445887
#53ACF1	#53ACF1	0.909090909090909	0.0670995670995671	1	0.893939393939394	0.924242424242424	0.0454545454545454	0.0887445887445887
#53ACF1	#53ACF1	0.939393939393939	0.0670995670995671	1	0.924242424242424	0.954545454545455	0.0454545454545454	0.0887445887445887
#51A8EB	#51A8EB	0.0606060606060606	0.0670995670995671	1	0.0454545454545455	0.0757575757575758	0.0454545454545454	0.0887445887445887
#51A8EB	#51A8EB	0.0606060606060606	0.0670995670995671	1	0.0454545454545455	0.0757575757575758	0.0454545454545454	0.0887445887445887
#4FA4E5	#4FA4E5	0.0909090909090909	0.0670995670995671	1	0.0757575757575758	0.106060606060606	0.0454545454545454	0.0887445887445887
#4FA4E5	#4FA4E5	0.0909090909090909	0.0670995670995671	1	0.0757575757575758	0.106060606060606	0.0454545454545454	0.0887445887445887
#4FA4E5	#4FA4E5	0.0909090909090909	0.0670995670995671	1	0.0757575757575758	0.106060606060606	0.0454545454545454	0.0887445887445887
#4D9FDF	#4D9FDF	0.121212121212121	0.0670995670995671	1	0.106060606060606	0.136363636363636	0.0454545454545454	0.0887445887445887
#4D9FDF	#4D9FDF	0.121212121212121	0.0670995670995671	1	0.106060606060606	0.136363636363636	0.0454545454545454	0.0887445887445887
#4D9FDF	#4D9FDF	0.121212121212121	0.0670995670995671	1	0.106060606060606	0.136363636363636	0.0454545454545454	0.0887445887445887
#4B9BD9	#4B9BD9	0.151515151515152	0.0670995670995671	1	0.136363636363636	0.166666666666667	0.0454545454545454	0.0887445887445887
#4B9BD9	#4B9BD9	0.151515151515152	0.0670995670995671	1	0.136363636363636	0.166666666666667	0.0454545454545454	0.0887445887445887
#4B9BD9	#4B9BD9	0.151515151515152	0.0670995670995671	1	0.136363636363636	0.166666666666667	0.0454545454545454	0.0887445887445887
#4B9BD9	#4B9BD9	0.181818181818182	0.0670995670995671	1	0.166666666666667	0.196969696969697	0.0454545454545454	0.0887445887445887
#4997D4	#4997D4	0.181818181818182	0.0670995670995671	1	0.166666666666667	0.196969696969697	0.0454545454545454	0.0887445887445887
#4997D4	#4997D4	0.181818181818182	0.0670995670995671	1	0.166666666666667	0.196969696969697	0.0454545454545454	0.0887445887445887
#4793CE	#4793CE	0.212121212121212	0.0670995670995671	1	0.196969696969697	0.227272727272727	0.0454545454545454	0.0887445887445887
#458EC9	#458EC9	0.212121212121212	0.0670995670995671	1	0.196969696969697	0.227272727272727	0.0454545454545454	0.0887445887445887
#438AC3	#438AC3	0.212121212121212	0.0670995670995671	1	0.196969696969697	0.227272727272727	0.0454545454545454	0.0887445887445887
#438AC3	#438AC3	0.242424242424242	0.0670995670995671	1	0.227272727272727	0.257575757575758	0.0454545454545454	0.0887445887445887
#438AC3	#438AC3	0.242424242424242	0.0670995670995671	1	0.227272727272727	0.257575757575758	0.0454545454545454	0.0887445887445887
#4086BE	#4086BE	0.242424242424242	0.0670995670995671	1	0.227272727272727	0.257575757575758	0.0454545454545454	0.0887445887445887
#4086BE	#4086BE	0.272727272727273	0.0670995670995671	1	0.257575757575758	0.287878787878788	0.0454545454545454	0.0887445887445887
#4086BE	#4086BE	0.272727272727273	0.0670995670995671	1	0.257575757575758	0.287878787878788	0.0454545454545454	0.0887445887445887
#3E82B8	#3E82B8	0.272727272727273	0.0670995670995671	1	0.257575757575758	0.287878787878788	0.0454545454545454	0.0887445887445887
#3E82B8	#3E82B8	0.303030303030303	0.0670995670995671	1	0.287878787878788	0.318181818181818	0.0454545454545454	0.0887445887445887
#3E82B8	#3E82B8	0.303030303030303	0.0670995670995671	1	0.287878787878788	0.318181818181818	0.0454545454545454	0.0887445887445887
#3E82B8	#3E82B8	0.303030303030303	0.0670995670995671	1	0.287878787878788	0.318181818181818	0.0454545454545454	0.0887445887445887
#4086BE	#4086BE	0.333333333333333	0.0670995670995671	1	0.318181818181818	0.348484848484849	0.0454545454545454	0.0887445887445887
#438AC3	#438AC3	0.333333333333333	0.0670995670995671	1	0.318181818181818	0.348484848484849	0.0454545454545454	0.0887445887445887
#438AC3	#438AC3	0.333333333333333	0.0670995670995671	1	0.318181818181818	0.348484848484849	0.0454545454545454	0.0887445887445887
#458EC9	#458EC9	0.363636363636364	0.0670995670995671	1	0.348484848484849	0.378787878787879	0.0454545454545454	0.0887445887445887
#4793CE	#4793CE	0.363636363636364	0.0670995670995671	1	0.348484848484849	0.378787878787879	0.0454545454545454	0.0887445887445887
#4793CE	#4793CE	0.363636363636364	0.0670995670995671	1	0.348484848484849	0.378787878787879	0.0454545454545454	0.0887445887445887
#4997D4	#4997D4	0.393939393939394	0.0670995670995671	1	0.378787878787879	0.409090909090909	0.0454545454545454	0.0887445887445887
#4997D4	#4997D4	0.393939393939394	0.0670995670995671	1	0.378787878787879	0.409090909090909	0.0454545454545454	0.0887445887445887
#4997D4	#4997D4	0.393939393939394	0.0670995670995671	1	0.378787878787879	0.409090909090909	0.0454545454545454	0.0887445887445887
#4B9BD9	#4B9BD9	0.424242424242424	0.0670995670995671	1	0.409090909090909	0.439393939393939	0.0454545454545454	0.0887445887445887
#4B9BD9	#4B9BD9	0.424242424242424	0.0670995670995671	1	0.409090909090909	0.439393939393939	0.0454545454545454	0.0887445887445887
#4B9BD9	#4B9BD9	0.424242424242424	0.0670995670995671	1	0.409090909090909	0.439393939393939	0.0454545454545454	0.0887445887445887
#4B9BD9	#4B9BD9	0.454545454545455	0.0670995670995671	1	0.439393939393939	0.46969696969697	0.0454545454545454	0.0887445887445887
#4B9BD9	#4B9BD9	0.454545454545455	0.0670995670995671	1	0.439393939393939	0.46969696969697	0.0454545454545454	0.0887445887445887
#4B9BD9	#4B9BD9	0.454545454545455	0.0670995670995671	1	0.439393939393939	0.46969696969697	0.0454545454545454	0.0887445887445887
#4B9BD9	#4B9BD9	0.484848484848485	0.0670995670995671	1	0.46969696969697	0.5	0.0454545454545454	0.0887445887445887
#4B9BD9	#4B9BD9	0.484848484848485	0.0670995670995671	1	0.46969696969697	0.5	0.0454545454545454	0.0887445887445887
#4997D4	#4997D4	0.484848484848485	0.0670995670995671	1	0.46969696969697	0.5	0.0454545454545454	0.0887445887445887
#4997D4	#4997D4	0.515151515151515	0.0670995670995671	1	0.5	0.53030303030303	0.0454545454545454	0.0887445887445887
#4997D4	#4997D4	0.515151515151515	0.0670995670995671	1	0.5	0.53030303030303	0.0454545454545454	0.0887445887445887
#4997D4	#4997D4	0.515151515151515	0.0670995670995671	1	0.5	0.53030303030303	0.0454545454545454	0.0887445887445887
#4793CE	#4793CE	0.545454545454545	0.0670995670995671	1	0.53030303030303	0.560606060606061	0.0454545454545454	0.0887445887445887
#4793CE	#4793CE	0.545454545454545	0.0670995670995671	1	0.53030303030303	0.560606060606061	0.0454545454545454	0.0887445887445887
#4793CE	#4793CE	0.545454545454545	0.0670995670995671	1	0.53030303030303	0.560606060606061	0.0454545454545454	0.0887445887445887
#4793CE	#4793CE	0.575757575757576	0.0670995670995671	1	0.560606060606061	0.590909090909091	0.0454545454545454	0.0887445887445887
#4793CE	#4793CE	0.575757575757576	0.0670995670995671	1	0.560606060606061	0.590909090909091	0.0454545454545454	0.0887445887445887
#4793CE	#4793CE	0.575757575757576	0.0670995670995671	1	0.560606060606061	0.590909090909091	0.0454545454545454	0.0887445887445887
#4793CE	#4793CE	0.606060606060606	0.0670995670995671	1	0.590909090909091	0.621212121212121	0.0454545454545454	0.0887445887445887
#4997D4	#4997D4	0.606060606060606	0.0670995670995671	1	0.590909090909091	0.621212121212121	0.0454545454545454	0.0887445887445887
#4997D4	#4997D4	0.606060606060606	0.0670995670995671	1	0.590909090909091	0.621212121212121	0.0454545454545454	0.0887445887445887
#4997D4	#4997D4	0.636363636363636	0.0670995670995671	1	0.621212121212121	0.651515151515151	0.0454545454545454	0.0887445887445887
#4997D4	#4997D4	0.636363636363636	0.0670995670995671	1	0.621212121212121	0.651515151515151	0.0454545454545454	0.0887445887445887
#4997D4	#4997D4	0.636363636363636	0.0670995670995671	1	0.621212121212121	0.651515151515151	0.0454545454545454	0.0887445887445887
#4793CE	#4793CE	0.666666666666667	0.0670995670995671	1	0.651515151515151	0.681818181818182	0.0454545454545454	0.0887445887445887
#4793CE	#4793CE	0.666666666666667	0.0670995670995671	1	0.651515151515151	0.681818181818182	0.0454545454545454	0.0887445887445887
#4793CE	#4793CE	0.666666666666667	0.0670995670995671	1	0.651515151515151	0.681818181818182	0.0454545454545454	0.0887445887445887
#4793CE	#4793CE	0.696969696969697	0.0670995670995671	1	0.681818181818182	0.712121212121212	0.0454545454545454	0.0887445887445887
#4793CE	#4793CE	0.696969696969697	0.0670995670995671	1	0.681818181818182	0.712121212121212	0.0454545454545454	0.0887445887445887
#4793CE	#4793CE	0.696969696969697	0.0670995670995671	1	0.681818181818182	0.712121212121212	0.0454545454545454	0.0887445887445887
#458EC9	#458EC9	0.727272727272727	0.0670995670995671	1	0.712121212121212	0.742424242424242	0.0454545454545454	0.0887445887445887
#458EC9	#458EC9	0.727272727272727	0.0670995670995671	1	0.712121212121212	0.742424242424242	0.0454545454545454	0.0887445887445887
#458EC9	#458EC9	0.727272727272727	0.0670995670995671	1	0.712121212121212	0.742424242424242	0.0454545454545454	0.0887445887445887
#458EC9	#458EC9	0.757575757575758	0.0670995670995671	1	0.742424242424242	0.772727272727273	0.0454545454545454	0.0887445887445887
#458EC9	#458EC9	0.757575757575758	0.0670995670995671	1	0.742424242424242	0.772727272727273	0.0454545454545454	0.0887445887445887
#4793CE	#4793CE	0.757575757575758	0.0670995670995671	1	0.742424242424242	0.772727272727273	0.0454545454545454	0.0887445887445887
#4997D4	#4997D4	0.787878787878788	0.0670995670995671	1	0.772727272727273	0.803030303030303	0.0454545454545454	0.0887445887445887
#4997D4	#4997D4	0.787878787878788	0.0670995670995671	1	0.772727272727273	0.803030303030303	0.0454545454545454	0.0887445887445887
#4D9FDF	#4D9FDF	0.787878787878788	0.0670995670995671	1	0.772727272727273	0.803030303030303	0.0454545454545454	0.0887445887445887
#4D9FDF	#4D9FDF	0.818181818181818	0.0670995670995671	1	0.803030303030303	0.833333333333333	0.0454545454545454	0.0887445887445887
#4FA4E5	#4FA4E5	0.818181818181818	0.0670995670995671	1	0.803030303030303	0.833333333333333	0.0454545454545454	0.0887445887445887
#4FA4E5	#4FA4E5	0.818181818181818	0.0670995670995671	1	0.803030303030303	0.833333333333333	0.0454545454545454	0.0887445887445887
#51A8EB	#51A8EB	0.848484848484849	0.0670995670995671	1	0.833333333333333	0.863636363636364	0.0454545454545454	0.0887445887445887
#51A8EB	#51A8EB	0.848484848484849	0.0670995670995671	1	0.833333333333333	0.863636363636364	0.0454545454545454	0.0887445887445887
#51A8EB	#51A8EB	0.848484848484849	0.0670995670995671	1	0.833333333333333	0.863636363636364	0.0454545454545454	0.0887445887445887
#51A8EB	#51A8EB	0.878787878787879	0.0670995670995671	1	0.863636363636364	0.893939393939394	0.0454545454545454	0.0887445887445887
#51A8EB	#51A8EB	0.878787878787879	0.0670995670995671	1	0.863636363636364	0.893939393939394	0.0454545454545454	0.0887445887445887
#51A8EB	#51A8EB	0.878787878787879	0.0670995670995671	1	0.863636363636364	0.893939393939394	0.0454545454545454	0.0887445887445887
#51A8EB	#51A8EB	0.909090909090909	0.0670995670995671	1	0.893939393939394	0.924242424242424	0.0454545454545454	0.0887445887445887
#53ACF1	#53ACF1	0.909090909090909	0.0670995670995671	1	0.893939393939394	0.924242424242424	0.0454545454545454	0.0887445887445887
#53ACF1	#53ACF1	0.909090909090909	0.0670995670995671	1	0.893939393939394	0.924242424242424	0.0454545454545454	0.0887445887445887
#53ACF1	#53ACF1	0.939393939393939	0.0670995670995671	1	0.924242424242424	0.954545454545455	0.0454545454545454	0.0887445887445887
#51A8EB	#51A8EB	0.0606060606060606	0.11038961038961	1	0.0454545454545455	0.0757575757575758	0.0887445887445887	0.132034632034632
#4FA4E5	#4FA4E5	0.0606060606060606	0.11038961038961	1	0.0454545454545455	0.0757575757575758	0.0887445887445887	0.132034632034632
#4FA4E5	#4FA4E5	0.0909090909090909	0.11038961038961	1	0.0757575757575758	0.106060606060606	0.0887445887445887	0.132034632034632
#4FA4E5	#4FA4E5	0.0909090909090909	0.11038961038961	1	0.0757575757575758	0.106060606060606	0.0887445887445887	0.132034632034632
#4D9FDF	#4D9FDF	0.0909090909090909	0.11038961038961	1	0.0757575757575758	0.106060606060606	0.0887445887445887	0.132034632034632
#4D9FDF	#4D9FDF	0.121212121212121	0.11038961038961	1	0.106060606060606	0.136363636363636	0.0887445887445887	0.132034632034632
#4D9FDF	#4D9FDF	0.121212121212121	0.11038961038961	1	0.106060606060606	0.136363636363636	0.0887445887445887	0.132034632034632
#4D9FDF	#4D9FDF	0.121212121212121	0.11038961038961	1	0.106060606060606	0.136363636363636	0.0887445887445887	0.132034632034632
#4B9BD9	#4B9BD9	0.151515151515152	0.11038961038961	1	0.136363636363636	0.166666666666667	0.0887445887445887	0.132034632034632
#4B9BD9	#4B9BD9	0.151515151515152	0.11038961038961	1	0.136363636363636	0.166666666666667	0.0887445887445887	0.132034632034632
#4B9BD9	#4B9BD9	0.151515151515152	0.11038961038961	1	0.136363636363636	0.166666666666667	0.0887445887445887	0.132034632034632
#4997D4	#4997D4	0.181818181818182	0.11038961038961	1	0.166666666666667	0.196969696969697	0.0887445887445887	0.132034632034632
#4997D4	#4997D4	0.181818181818182	0.11038961038961	1	0.166666666666667	0.196969696969697	0.0887445887445887	0.132034632034632
#4793CE	#4793CE	0.181818181818182	0.11038961038961	1	0.166666666666667	0.196969696969697	0.0887445887445887	0.132034632034632
#458EC9	#458EC9	0.212121212121212	0.11038961038961	1	0.196969696969697	0.227272727272727	0.0887445887445887	0.132034632034632
#458EC9	#458EC9	0.212121212121212	0.11038961038961	1	0.196969696969697	0.227272727272727	0.0887445887445887	0.132034632034632
#438AC3	#438AC3	0.212121212121212	0.11038961038961	1	0.196969696969697	0.227272727272727	0.0887445887445887	0.132034632034632
#438AC3	#438AC3	0.242424242424242	0.11038961038961	1	0.227272727272727	0.257575757575758	0.0887445887445887	0.132034632034632
#4086BE	#4086BE	0.242424242424242	0.11038961038961	1	0.227272727272727	0.257575757575758	0.0887445887445887	0.132034632034632
#3E82B8	#3E82B8	0.242424242424242	0.11038961038961	1	0.227272727272727	0.257575757575758	0.0887445887445887	0.132034632034632
#3E82B8	#3E82B8	0.272727272727273	0.11038961038961	1	0.257575757575758	0.287878787878788	0.0887445887445887	0.132034632034632
#3E82B8	#3E82B8	0.272727272727273	0.11038961038961	1	0.257575757575758	0.287878787878788	0.0887445887445887	0.132034632034632
#3C7EB3	#3C7EB3	0.272727272727273	0.11038961038961	1	0.257575757575758	0.287878787878788	0.0887445887445887	0.132034632034632
#3C7EB3	#3C7EB3	0.303030303030303	0.11038961038961	1	0.287878787878788	0.318181818181818	0.0887445887445887	0.132034632034632
#3C7EB3	#3C7EB3	0.303030303030303	0.11038961038961	1	0.287878787878788	0.318181818181818	0.0887445887445887	0.132034632034632
#3C7EB3	#3C7EB3	0.303030303030303	0.11038961038961	1	0.287878787878788	0.318181818181818	0.0887445887445887	0.132034632034632
#3E82B8	#3E82B8	0.333333333333333	0.11038961038961	1	0.318181818181818	0.348484848484849	0.0887445887445887	0.132034632034632
#4086BE	#4086BE	0.333333333333333	0.11038961038961	1	0.318181818181818	0.348484848484849	0.0887445887445887	0.132034632034632
#438AC3	#438AC3	0.333333333333333	0.11038961038961	1	0.318181818181818	0.348484848484849	0.0887445887445887	0.132034632034632
#438AC3	#438AC3	0.363636363636364	0.11038961038961	1	0.348484848484849	0.378787878787879	0.0887445887445887	0.132034632034632
#458EC9	#458EC9	0.363636363636364	0.11038961038961	1	0.348484848484849	0.378787878787879	0.0887445887445887	0.132034632034632
#4793CE	#4793CE	0.363636363636364	0.11038961038961	1	0.348484848484849	0.378787878787879	0.0887445887445887	0.132034632034632
#4793CE	#4793CE	0.393939393939394	0.11038961038961	1	0.378787878787879	0.409090909090909	0.0887445887445887	0.132034632034632
#4997D4	#4997D4	0.393939393939394	0.11038961038961	1	0.378787878787879	0.409090909090909	0.0887445887445887	0.132034632034632
#4997D4	#4997D4	0.393939393939394	0.11038961038961	1	0.378787878787879	0.409090909090909	0.0887445887445887	0.132034632034632
#4997D4	#4997D4	0.424242424242424	0.11038961038961	1	0.409090909090909	0.439393939393939	0.0887445887445887	0.132034632034632
#4997D4	#4997D4	0.424242424242424	0.11038961038961	1	0.409090909090909	0.439393939393939	0.0887445887445887	0.132034632034632
#4997D4	#4997D4	0.424242424242424	0.11038961038961	1	0.409090909090909	0.439393939393939	0.0887445887445887	0.132034632034632
#4997D4	#4997D4	0.454545454545455	0.11038961038961	1	0.439393939393939	0.46969696969697	0.0887445887445887	0.132034632034632
#4B9BD9	#4B9BD9	0.454545454545455	0.11038961038961	1	0.439393939393939	0.46969696969697	0.0887445887445887	0.132034632034632
#4B9BD9	#4B9BD9	0.454545454545455	0.11038961038961	1	0.439393939393939	0.46969696969697	0.0887445887445887	0.132034632034632
#4B9BD9	#4B9BD9	0.484848484848485	0.11038961038961	1	0.46969696969697	0.5	0.0887445887445887	0.132034632034632
#4997D4	#4997D4	0.484848484848485	0.11038961038961	1	0.46969696969697	0.5	0.0887445887445887	0.132034632034632
#4997D4	#4997D4	0.484848484848485	0.11038961038961	1	0.46969696969697	0.5	0.0887445887445887	0.132034632034632
#4997D4	#4997D4	0.515151515151515	0.11038961038961	1	0.5	0.53030303030303	0.0887445887445887	0.132034632034632
#4997D4	#4997D4	0.515151515151515	0.11038961038961	1	0.5	0.53030303030303	0.0887445887445887	0.132034632034632
#4793CE	#4793CE	0.515151515151515	0.11038961038961	1	0.5	0.53030303030303	0.0887445887445887	0.132034632034632
#4793CE	#4793CE	0.545454545454545	0.11038961038961	1	0.53030303030303	0.560606060606061	0.0887445887445887	0.132034632034632
#4793CE	#4793CE	0.545454545454545	0.11038961038961	1	0.53030303030303	0.560606060606061	0.0887445887445887	0.132034632034632
#4793CE	#4793CE	0.545454545454545	0.11038961038961	1	0.53030303030303	0.560606060606061	0.0887445887445887	0.132034632034632
#458EC9	#458EC9	0.575757575757576	0.11038961038961	1	0.560606060606061	0.590909090909091	0.0887445887445887	0.132034632034632
#458EC9	#458EC9	0.575757575757576	0.11038961038961	1	0.560606060606061	0.590909090909091	0.0887445887445887	0.132034632034632
#4793CE	#4793CE	0.575757575757576	0.11038961038961	1	0.560606060606061	0.590909090909091	0.0887445887445887	0.132034632034632
#4793CE	#4793CE	0.606060606060606	0.11038961038961	1	0.590909090909091	0.621212121212121	0.0887445887445887	0.132034632034632
#4793CE	#4793CE	0.606060606060606	0.11038961038961	1	0.590909090909091	0.621212121212121	0.0887445887445887	0.132034632034632
#4793CE	#4793CE	0.606060606060606	0.11038961038961	1	0.590909090909091	0.621212121212121	0.0887445887445887	0.132034632034632
#4997D4	#4997D4	0.636363636363636	0.11038961038961	1	0.621212121212121	0.651515151515151	0.0887445887445887	0.132034632034632
#4997D4	#4997D4	0.636363636363636	0.11038961038961	1	0.621212121212121	0.651515151515151	0.0887445887445887	0.132034632034632
#4793CE	#4793CE	0.636363636363636	0.11038961038961	1	0.621212121212121	0.651515151515151	0.0887445887445887	0.132034632034632
#4793CE	#4793CE	0.666666666666667	0.11038961038961	1	0.651515151515151	0.681818181818182	0.0887445887445887	0.132034632034632
#4793CE	#4793CE	0.666666666666667	0.11038961038961	1	0.651515151515151	0.681818181818182	0.0887445887445887	0.132034632034632
#4793CE	#4793CE	0.666666666666667	0.11038961038961	1	0.651515151515151	0.681818181818182	0.0887445887445887	0.132034632034632
#4793CE	#4793CE	0.696969696969697	0.11038961038961	1	0.681818181818182	0.712121212121212	0.0887445887445887	0.132034632034632
#4793CE	#4793CE	0.696969696969697	0.11038961038961	1	0.681818181818182	0.712121212121212	0.0887445887445887	0.132034632034632
#458EC9	#458EC9	0.696969696969697	0.11038961038961	1	0.681818181818182	0.712121212121212	0.0887445887445887	0.132034632034632
#458EC9	#458EC9	0.727272727272727	0.11038961038961	1	0.712121212121212	0.742424242424242	0.0887445887445887	0.132034632034632
#458EC9	#458EC9	0.727272727272727	0.11038961038961	1	0.712121212121212	0.742424242424242	0.0887445887445887	0.132034632034632
#458EC9	#458EC9	0.727272727272727	0.11038961038961	1	0.712121212121212	0.742424242424242	0.0887445887445887	0.132034632034632
#458EC9	#458EC9	0.757575757575758	0.11038961038961	1	0.742424242424242	0.772727272727273	0.0887445887445887	0.132034632034632
#458EC9	#458EC9	0.757575757575758	0.11038961038961	1	0.742424242424242	0.772727272727273	0.0887445887445887	0.132034632034632
#4793CE	#4793CE	0.757575757575758	0.11038961038961	1	0.742424242424242	0.772727272727273	0.0887445887445887	0.132034632034632
#4793CE	#4793CE	0.787878787878788	0.11038961038961	1	0.772727272727273	0.803030303030303	0.0887445887445887	0.132034632034632
#4997D4	#4997D4	0.787878787878788	0.11038961038961	1	0.772727272727273	0.803030303030303	0.0887445887445887	0.132034632034632
#4B9BD9	#4B9BD9	0.787878787878788	0.11038961038961	1	0.772727272727273	0.803030303030303	0.0887445887445887	0.132034632034632
#4D9FDF	#4D9FDF	0.818181818181818	0.11038961038961	1	0.803030303030303	0.833333333333333	0.0887445887445887	0.132034632034632
#4FA4E5	#4FA4E5	0.818181818181818	0.11038961038961	1	0.803030303030303	0.833333333333333	0.0887445887445887	0.132034632034632
#4FA4E5	#4FA4E5	0.818181818181818	0.11038961038961	1	0.803030303030303	0.833333333333333	0.0887445887445887	0.132034632034632
#4FA4E5	#4FA4E5	0.848484848484849	0.11038961038961	1	0.833333333333333	0.863636363636364	0.0887445887445887	0.132034632034632
#51A8EB	#51A8EB	0.848484848484849	0.11038961038961	1	0.833333333333333	0.863636363636364	0.0887445887445887	0.132034632034632
#51A8EB	#51A8EB	0.848484848484849	0.11038961038961	1	0.833333333333333	0.863636363636364	0.0887445887445887	0.132034632034632
#51A8EB	#51A8EB	0.878787878787879	0.11038961038961	1	0.863636363636364	0.893939393939394	0.0887445887445887	0.132034632034632
#51A8EB	#51A8EB	0.878787878787879	0.11038961038961	1	0.863636363636364	0.893939393939394	0.0887445887445887	0.132034632034632
#51A8EB	#51A8EB	0.878787878787879	0.11038961038961	1	0.863636363636364	0.893939393939394	0.0887445887445887	0.132034632034632
#51A8EB	#51A8EB	0.909090909090909	0.11038961038961	1	0.893939393939394	0.924242424242424	0.0887445887445887	0.132034632034632
#53ACF1	#53ACF1	0.909090909090909	0.11038961038961	1	0.893939393939394	0.924242424242424	0.0887445887445887	0.132034632034632
#53ACF1	#53ACF1	0.909090909090909	0.11038961038961	1	0.893939393939394	0.924242424242424	0.0887445887445887	0.132034632034632
#53ACF1	#53ACF1	0.939393939393939	0.11038961038961	1	0.924242424242424	0.954545454545455	0.0887445887445887	0.132034632034632
#51A8EB	#51A8EB	0.0606060606060606	0.11038961038961	1	0.0454545454545455	0.0757575757575758	0.0887445887445887	0.132034632034632
#4FA4E5	#4FA4E5	0.0606060606060606	0.11038961038961	1	0.0454545454545455	0.0757575757575758	0.0887445887445887	0.132034632034632
#4FA4E5	#4FA4E5	0.0909090909090909	0.11038961038961	1	0.0757575757575758	0.106060606060606	0.0887445887445887	0.132034632034632
#4FA4E5	#4FA4E5	0.0909090909090909	0.11038961038961	1	0.0757575757575758	0.106060606060606	0.0887445887445887	0.132034632034632
#4D9FDF	#4D9FDF	0.0909090909090909	0.11038961038961	1	0.0757575757575758	0.106060606060606	0.0887445887445887	0.132034632034632
#4D9FDF	#4D9FDF	0.121212121212121	0.11038961038961	1	0.106060606060606	0.136363636363636	0.0887445887445887	0.132034632034632
#4D9FDF	#4D9FDF	0.121212121212121	0.11038961038961	1	0.106060606060606	0.136363636363636	0.0887445887445887	0.132034632034632
#4B9BD9	#4B9BD9	0.121212121212121	0.11038961038961	1	0.106060606060606	0.136363636363636	0.0887445887445887	0.132034632034632
#4B9BD9	#4B9BD9	0.151515151515152	0.11038961038961	1	0.136363636363636	0.166666666666667	0.0887445887445887	0.132034632034632
#4B9BD9	#4B9BD9	0.151515151515152	0.11038961038961	1	0.136363636363636	0.166666666666667	0.0887445887445887	0.132034632034632
#4997D4	#4997D4	0.151515151515152	0.11038961038961	1	0.136363636363636	0.166666666666667	0.0887445887445887	0.132034632034632
#4997D4	#4997D4	0.181818181818182	0.11038961038961	1	0.166666666666667	0.196969696969697	0.0887445887445887	0.132034632034632
#4793CE	#4793CE	0.181818181818182	0.11038961038961	1	0.166666666666667	0.196969696969697	0.0887445887445887	0.132034632034632
#458EC9	#458EC9	0.181818181818182	0.11038961038961	1	0.166666666666667	0.196969696969697	0.0887445887445887	0.132034632034632
#458EC9	#458EC9	0.212121212121212	0.11038961038961	1	0.196969696969697	0.227272727272727	0.0887445887445887	0.132034632034632
#458EC9	#458EC9	0.212121212121212	0.11038961038961	1	0.196969696969697	0.227272727272727	0.0887445887445887	0.132034632034632
#438AC3	#438AC3	0.212121212121212	0.11038961038961	1	0.196969696969697	0.227272727272727	0.0887445887445887	0.132034632034632
#4086BE	#4086BE	0.242424242424242	0.11038961038961	1	0.227272727272727	0.257575757575758	0.0887445887445887	0.132034632034632
#3E82B8	#3E82B8	0.242424242424242	0.11038961038961	1	0.227272727272727	0.257575757575758	0.0887445887445887	0.132034632034632
#3E82B8	#3E82B8	0.242424242424242	0.11038961038961	1	0.227272727272727	0.257575757575758	0.0887445887445887	0.132034632034632
#3C7EB3	#3C7EB3	0.272727272727273	0.11038961038961	1	0.257575757575758	0.287878787878788	0.0887445887445887	0.132034632034632
#3C7EB3	#3C7EB3	0.272727272727273	0.11038961038961	1	0.257575757575758	0.287878787878788	0.0887445887445887	0.132034632034632
#3C7EB3	#3C7EB3	0.272727272727273	0.11038961038961	1	0.257575757575758	0.287878787878788	0.0887445887445887	0.132034632034632
#3A7AAD	#3A7AAD	0.303030303030303	0.11038961038961	1	0.287878787878788	0.318181818181818	0.0887445887445887	0.132034632034632
#3A7AAD	#3A7AAD	0.303030303030303	0.11038961038961	1	0.287878787878788	0.318181818181818	0.0887445887445887	0.132034632034632
#3A7AAD	#3A7AAD	0.303030303030303	0.11038961038961	1	0.287878787878788	0.318181818181818	0.0887445887445887	0.132034632034632
#3C7EB3	#3C7EB3	0.333333333333333	0.11038961038961	1	0.318181818181818	0.348484848484849	0.0887445887445887	0.132034632034632
#3C7EB3	#3C7EB3	0.333333333333333	0.11038961038961	1	0.318181818181818	0.348484848484849	0.0887445887445887	0.132034632034632
#4086BE	#4086BE	0.333333333333333	0.11038961038961	1	0.318181818181818	0.348484848484849	0.0887445887445887	0.132034632034632
#438AC3	#438AC3	0.363636363636364	0.11038961038961	1	0.348484848484849	0.378787878787879	0.0887445887445887	0.132034632034632
#438AC3	#438AC3	0.363636363636364	0.11038961038961	1	0.348484848484849	0.378787878787879	0.0887445887445887	0.132034632034632
#458EC9	#458EC9	0.363636363636364	0.11038961038961	1	0.348484848484849	0.378787878787879	0.0887445887445887	0.132034632034632
#4793CE	#4793CE	0.393939393939394	0.11038961038961	1	0.378787878787879	0.409090909090909	0.0887445887445887	0.132034632034632
#4793CE	#4793CE	0.393939393939394	0.11038961038961	1	0.378787878787879	0.409090909090909	0.0887445887445887	0.132034632034632
#4997D4	#4997D4	0.393939393939394	0.11038961038961	1	0.378787878787879	0.409090909090909	0.0887445887445887	0.132034632034632
#4997D4	#4997D4	0.424242424242424	0.11038961038961	1	0.409090909090909	0.439393939393939	0.0887445887445887	0.132034632034632
#4997D4	#4997D4	0.424242424242424	0.11038961038961	1	0.409090909090909	0.439393939393939	0.0887445887445887	0.132034632034632
#4997D4	#4997D4	0.424242424242424	0.11038961038961	1	0.409090909090909	0.439393939393939	0.0887445887445887	0.132034632034632
#4997D4	#4997D4	0.454545454545455	0.11038961038961	1	0.439393939393939	0.46969696969697	0.0887445887445887	0.132034632034632
#4997D4	#4997D4	0.454545454545455	0.11038961038961	1	0.439393939393939	0.46969696969697	0.0887445887445887	0.132034632034632
#4997D4	#4997D4	0.454545454545455	0.11038961038961	1	0.439393939393939	0.46969696969697	0.0887445887445887	0.132034632034632
#4997D4	#4997D4	0.484848484848485	0.11038961038961	1	0.46969696969697	0.5	0.0887445887445887	0.132034632034632
#4997D4	#4997D4	0.484848484848485	0.11038961038961	1	0.46969696969697	0.5	0.0887445887445887	0.132034632034632
#4997D4	#4997D4	0.484848484848485	0.11038961038961	1	0.46969696969697	0.5	0.0887445887445887	0.132034632034632
#4793CE	#4793CE	0.515151515151515	0.11038961038961	1	0.5	0.53030303030303	0.0887445887445887	0.132034632034632
#4793CE	#4793CE	0.515151515151515	0.11038961038961	1	0.5	0.53030303030303	0.0887445887445887	0.132034632034632
#4793CE	#4793CE	0.515151515151515	0.11038961038961	1	0.5	0.53030303030303	0.0887445887445887	0.132034632034632
#4793CE	#4793CE	0.545454545454545	0.11038961038961	1	0.53030303030303	0.560606060606061	0.0887445887445887	0.132034632034632
#458EC9	#458EC9	0.545454545454545	0.11038961038961	1	0.53030303030303	0.560606060606061	0.0887445887445887	0.132034632034632
#458EC9	#458EC9	0.545454545454545	0.11038961038961	1	0.53030303030303	0.560606060606061	0.0887445887445887	0.132034632034632
#458EC9	#458EC9	0.575757575757576	0.11038961038961	1	0.560606060606061	0.590909090909091	0.0887445887445887	0.132034632034632
#458EC9	#458EC9	0.575757575757576	0.11038961038961	1	0.560606060606061	0.590909090909091	0.0887445887445887	0.132034632034632
#4793CE	#4793CE	0.575757575757576	0.11038961038961	1	0.560606060606061	0.590909090909091	0.0887445887445887	0.132034632034632
#4793CE	#4793CE	0.606060606060606	0.11038961038961	1	0.590909090909091	0.621212121212121	0.0887445887445887	0.132034632034632
#4793CE	#4793CE	0.606060606060606	0.11038961038961	1	0.590909090909091	0.621212121212121	0.0887445887445887	0.132034632034632
#4793CE	#4793CE	0.606060606060606	0.11038961038961	1	0.590909090909091	0.621212121212121	0.0887445887445887	0.132034632034632
#4793CE	#4793CE	0.636363636363636	0.11038961038961	1	0.621212121212121	0.651515151515151	0.0887445887445887	0.132034632034632
#4793CE	#4793CE	0.636363636363636	0.11038961038961	1	0.621212121212121	0.651515151515151	0.0887445887445887	0.132034632034632
#4793CE	#4793CE	0.636363636363636	0.11038961038961	1	0.621212121212121	0.651515151515151	0.0887445887445887	0.132034632034632
#4793CE	#4793CE	0.666666666666667	0.11038961038961	1	0.651515151515151	0.681818181818182	0.0887445887445887	0.132034632034632
#4793CE	#4793CE	0.666666666666667	0.11038961038961	1	0.651515151515151	0.681818181818182	0.0887445887445887	0.132034632034632
#4793CE	#4793CE	0.666666666666667	0.11038961038961	1	0.651515151515151	0.681818181818182	0.0887445887445887	0.132034632034632
#458EC9	#458EC9	0.696969696969697	0.11038961038961	1	0.681818181818182	0.712121212121212	0.0887445887445887	0.132034632034632
#458EC9	#458EC9	0.696969696969697	0.11038961038961	1	0.681818181818182	0.712121212121212	0.0887445887445887	0.132034632034632
#458EC9	#458EC9	0.696969696969697	0.11038961038961	1	0.681818181818182	0.712121212121212	0.0887445887445887	0.132034632034632
#458EC9	#458EC9	0.727272727272727	0.11038961038961	1	0.712121212121212	0.742424242424242	0.0887445887445887	0.132034632034632
#458EC9	#458EC9	0.727272727272727	0.11038961038961	1	0.712121212121212	0.742424242424242	0.0887445887445887	0.132034632034632
#458EC9	#458EC9	0.727272727272727	0.11038961038961	1	0.712121212121212	0.742424242424242	0.0887445887445887	0.132034632034632
#438AC3	#438AC3	0.757575757575758	0.11038961038961	1	0.742424242424242	0.772727272727273	0.0887445887445887	0.132034632034632
#438AC3	#438AC3	0.757575757575758	0.11038961038961	1	0.742424242424242	0.772727272727273	0.0887445887445887	0.132034632034632
#458EC9	#458EC9	0.757575757575758	0.11038961038961	1	0.742424242424242	0.772727272727273	0.0887445887445887	0.132034632034632
#4793CE	#4793CE	0.787878787878788	0.11038961038961	1	0.772727272727273	0.803030303030303	0.0887445887445887	0.132034632034632
#4997D4	#4997D4	0.787878787878788	0.11038961038961	1	0.772727272727273	0.803030303030303	0.0887445887445887	0.132034632034632
#4B9BD9	#4B9BD9	0.787878787878788	0.11038961038961	1	0.772727272727273	0.803030303030303	0.0887445887445887	0.132034632034632
#4D9FDF	#4D9FDF	0.818181818181818	0.11038961038961	1	0.803030303030303	0.833333333333333	0.0887445887445887	0.132034632034632
#4FA4E5	#4FA4E5	0.818181818181818	0.11038961038961	1	0.803030303030303	0.833333333333333	0.0887445887445887	0.132034632034632
#4FA4E5	#4FA4E5	0.818181818181818	0.11038961038961	1	0.803030303030303	0.833333333333333	0.0887445887445887	0.132034632034632
#4FA4E5	#4FA4E5	0.848484848484849	0.11038961038961	1	0.833333333333333	0.863636363636364	0.0887445887445887	0.132034632034632
#4FA4E5	#4FA4E5	0.848484848484849	0.11038961038961	1	0.833333333333333	0.863636363636364	0.0887445887445887	0.132034632034632
#4FA4E5	#4FA4E5	0.848484848484849	0.11038961038961	1	0.833333333333333	0.863636363636364	0.0887445887445887	0.132034632034632
#51A8EB	#51A8EB	0.878787878787879	0.11038961038961	1	0.863636363636364	0.893939393939394	0.0887445887445887	0.132034632034632
#51A8EB	#51A8EB	0.878787878787879	0.11038961038961	1	0.863636363636364	0.893939393939394	0.0887445887445887	0.132034632034632
#51A8EB	#51A8EB	0.878787878787879	0.11038961038961	1	0.863636363636364	0.893939393939394	0.0887445887445887	0.132034632034632
#51A8EB	#51A8EB	0.909090909090909	0.11038961038961	1	0.893939393939394	0.924242424242424	0.0887445887445887	0.132034632034632
#51A8EB	#51A8EB	0.909090909090909	0.11038961038961	1	0.893939393939394	0.924242424242424	0.0887445887445887	0.132034632034632
#53ACF1	#53ACF1	0.909090909090909	0.11038961038961	1	0.893939393939394	0.924242424242424	0.0887445887445887	0.132034632034632
#53ACF1	#53ACF1	0.939393939393939	0.11038961038961	1	0.924242424242424	0.954545454545455	0.0887445887445887	0.132034632034632
#51A8EB	#51A8EB	0.0606060606060606	0.11038961038961	1	0.0454545454545455	0.0757575757575758	0.0887445887445887	0.132034632034632
#4FA4E5	#4FA4E5	0.0606060606060606	0.11038961038961	1	0.0454545454545455	0.0757575757575758	0.0887445887445887	0.132034632034632
#4FA4E5	#4FA4E5	0.0909090909090909	0.11038961038961	1	0.0757575757575758	0.106060606060606	0.0887445887445887	0.132034632034632
#4FA4E5	#4FA4E5	0.0909090909090909	0.11038961038961	1	0.0757575757575758	0.106060606060606	0.0887445887445887	0.132034632034632
#4D9FDF	#4D9FDF	0.0909090909090909	0.11038961038961	1	0.0757575757575758	0.106060606060606	0.0887445887445887	0.132034632034632
#4D9FDF	#4D9FDF	0.121212121212121	0.11038961038961	1	0.106060606060606	0.136363636363636	0.0887445887445887	0.132034632034632
#4D9FDF	#4D9FDF	0.121212121212121	0.11038961038961	1	0.106060606060606	0.136363636363636	0.0887445887445887	0.132034632034632
#4B9BD9	#4B9BD9	0.121212121212121	0.11038961038961	1	0.106060606060606	0.136363636363636	0.0887445887445887	0.132034632034632
#4B9BD9	#4B9BD9	0.151515151515152	0.11038961038961	1	0.136363636363636	0.166666666666667	0.0887445887445887	0.132034632034632
#4B9BD9	#4B9BD9	0.151515151515152	0.11038961038961	1	0.136363636363636	0.166666666666667	0.0887445887445887	0.132034632034632
#4997D4	#4997D4	0.151515151515152	0.11038961038961	1	0.136363636363636	0.166666666666667	0.0887445887445887	0.132034632034632
#4997D4	#4997D4	0.181818181818182	0.11038961038961	1	0.166666666666667	0.196969696969697	0.0887445887445887	0.132034632034632
#4793CE	#4793CE	0.181818181818182	0.11038961038961	1	0.166666666666667	0.196969696969697	0.0887445887445887	0.132034632034632
#4793CE	#4793CE	0.181818181818182	0.11038961038961	1	0.166666666666667	0.196969696969697	0.0887445887445887	0.132034632034632
#458EC9	#458EC9	0.212121212121212	0.11038961038961	1	0.196969696969697	0.227272727272727	0.0887445887445887	0.132034632034632
#438AC3	#438AC3	0.212121212121212	0.11038961038961	1	0.196969696969697	0.227272727272727	0.0887445887445887	0.132034632034632
#438AC3	#438AC3	0.212121212121212	0.11038961038961	1	0.196969696969697	0.227272727272727	0.0887445887445887	0.132034632034632
#4086BE	#4086BE	0.242424242424242	0.11038961038961	1	0.227272727272727	0.257575757575758	0.0887445887445887	0.132034632034632
#3E82B8	#3E82B8	0.242424242424242	0.11038961038961	1	0.227272727272727	0.257575757575758	0.0887445887445887	0.132034632034632
#3C7EB3	#3C7EB3	0.242424242424242	0.11038961038961	1	0.227272727272727	0.257575757575758	0.0887445887445887	0.132034632034632
#3C7EB3	#3C7EB3	0.272727272727273	0.11038961038961	1	0.257575757575758	0.287878787878788	0.0887445887445887	0.132034632034632
#3A7AAD	#3A7AAD	0.272727272727273	0.11038961038961	1	0.257575757575758	0.287878787878788	0.0887445887445887	0.132034632034632
#3A7AAD	#3A7AAD	0.272727272727273	0.11038961038961	1	0.257575757575758	0.287878787878788	0.0887445887445887	0.132034632034632
#3876A8	#3876A8	0.303030303030303	0.11038961038961	1	0.287878787878788	0.318181818181818	0.0887445887445887	0.132034632034632
#3876A8	#3876A8	0.303030303030303	0.11038961038961	1	0.287878787878788	0.318181818181818	0.0887445887445887	0.132034632034632
#3876A8	#3876A8	0.303030303030303	0.11038961038961	1	0.287878787878788	0.318181818181818	0.0887445887445887	0.132034632034632
#3A7AAD	#3A7AAD	0.333333333333333	0.11038961038961	1	0.318181818181818	0.348484848484849	0.0887445887445887	0.132034632034632
#3A7AAD	#3A7AAD	0.333333333333333	0.11038961038961	1	0.318181818181818	0.348484848484849	0.0887445887445887	0.132034632034632
#3C7EB3	#3C7EB3	0.333333333333333	0.11038961038961	1	0.318181818181818	0.348484848484849	0.0887445887445887	0.132034632034632
#3E82B8	#3E82B8	0.363636363636364	0.11038961038961	1	0.348484848484849	0.378787878787879	0.0887445887445887	0.132034632034632
#438AC3	#438AC3	0.363636363636364	0.11038961038961	1	0.348484848484849	0.378787878787879	0.0887445887445887	0.132034632034632
#438AC3	#438AC3	0.363636363636364	0.11038961038961	1	0.348484848484849	0.378787878787879	0.0887445887445887	0.132034632034632
#458EC9	#458EC9	0.393939393939394	0.11038961038961	1	0.378787878787879	0.409090909090909	0.0887445887445887	0.132034632034632
#4793CE	#4793CE	0.393939393939394	0.11038961038961	1	0.378787878787879	0.409090909090909	0.0887445887445887	0.132034632034632
#4793CE	#4793CE	0.393939393939394	0.11038961038961	1	0.378787878787879	0.409090909090909	0.0887445887445887	0.132034632034632
#4793CE	#4793CE	0.424242424242424	0.11038961038961	1	0.409090909090909	0.439393939393939	0.0887445887445887	0.132034632034632
#4793CE	#4793CE	0.424242424242424	0.11038961038961	1	0.409090909090909	0.439393939393939	0.0887445887445887	0.132034632034632
#4793CE	#4793CE	0.424242424242424	0.11038961038961	1	0.409090909090909	0.439393939393939	0.0887445887445887	0.132034632034632
#4793CE	#4793CE	0.454545454545455	0.11038961038961	1	0.439393939393939	0.46969696969697	0.0887445887445887	0.132034632034632
#4997D4	#4997D4	0.454545454545455	0.11038961038961	1	0.439393939393939	0.46969696969697	0.0887445887445887	0.132034632034632
#4997D4	#4997D4	0.454545454545455	0.11038961038961	1	0.439393939393939	0.46969696969697	0.0887445887445887	0.132034632034632
#4793CE	#4793CE	0.484848484848485	0.11038961038961	1	0.46969696969697	0.5	0.0887445887445887	0.132034632034632
#4793CE	#4793CE	0.484848484848485	0.11038961038961	1	0.46969696969697	0.5	0.0887445887445887	0.132034632034632
#4793CE	#4793CE	0.484848484848485	0.11038961038961	1	0.46969696969697	0.5	0.0887445887445887	0.132034632034632
#4793CE	#4793CE	0.515151515151515	0.11038961038961	1	0.5	0.53030303030303	0.0887445887445887	0.132034632034632
#458EC9	#458EC9	0.515151515151515	0.11038961038961	1	0.5	0.53030303030303	0.0887445887445887	0.132034632034632
#458EC9	#458EC9	0.515151515151515	0.11038961038961	1	0.5	0.53030303030303	0.0887445887445887	0.132034632034632
#458EC9	#458EC9	0.545454545454545	0.11038961038961	1	0.53030303030303	0.560606060606061	0.0887445887445887	0.132034632034632
#458EC9	#458EC9	0.545454545454545	0.11038961038961	1	0.53030303030303	0.560606060606061	0.0887445887445887	0.132034632034632
#458EC9	#458EC9	0.545454545454545	0.11038961038961	1	0.53030303030303	0.560606060606061	0.0887445887445887	0.132034632034632
#458EC9	#458EC9	0.575757575757576	0.11038961038961	1	0.560606060606061	0.590909090909091	0.0887445887445887	0.132034632034632
#458EC9	#458EC9	0.575757575757576	0.11038961038961	1	0.560606060606061	0.590909090909091	0.0887445887445887	0.132034632034632
#458EC9	#458EC9	0.575757575757576	0.11038961038961	1	0.560606060606061	0.590909090909091	0.0887445887445887	0.132034632034632
#458EC9	#458EC9	0.606060606060606	0.11038961038961	1	0.590909090909091	0.621212121212121	0.0887445887445887	0.132034632034632
#4793CE	#4793CE	0.606060606060606	0.11038961038961	1	0.590909090909091	0.621212121212121	0.0887445887445887	0.132034632034632
#4793CE	#4793CE	0.606060606060606	0.11038961038961	1	0.590909090909091	0.621212121212121	0.0887445887445887	0.132034632034632
#4793CE	#4793CE	0.636363636363636	0.11038961038961	1	0.621212121212121	0.651515151515151	0.0887445887445887	0.132034632034632
#4793CE	#4793CE	0.636363636363636	0.11038961038961	1	0.621212121212121	0.651515151515151	0.0887445887445887	0.132034632034632
#4793CE	#4793CE	0.636363636363636	0.11038961038961	1	0.621212121212121	0.651515151515151	0.0887445887445887	0.132034632034632
#4793CE	#4793CE	0.666666666666667	0.11038961038961	1	0.651515151515151	0.681818181818182	0.0887445887445887	0.132034632034632
#4793CE	#4793CE	0.666666666666667	0.11038961038961	1	0.651515151515151	0.681818181818182	0.0887445887445887	0.132034632034632
#458EC9	#458EC9	0.666666666666667	0.11038961038961	1	0.651515151515151	0.681818181818182	0.0887445887445887	0.132034632034632
#458EC9	#458EC9	0.696969696969697	0.11038961038961	1	0.681818181818182	0.712121212121212	0.0887445887445887	0.132034632034632
#458EC9	#458EC9	0.696969696969697	0.11038961038961	1	0.681818181818182	0.712121212121212	0.0887445887445887	0.132034632034632
#458EC9	#458EC9	0.696969696969697	0.11038961038961	1	0.681818181818182	0.712121212121212	0.0887445887445887	0.132034632034632
#458EC9	#458EC9	0.727272727272727	0.11038961038961	1	0.712121212121212	0.742424242424242	0.0887445887445887	0.132034632034632
#438AC3	#438AC3	0.727272727272727	0.11038961038961	1	0.712121212121212	0.742424242424242	0.0887445887445887	0.132034632034632
#438AC3	#438AC3	0.727272727272727	0.11038961038961	1	0.712121212121212	0.742424242424242	0.0887445887445887	0.132034632034632
#438AC3	#438AC3	0.757575757575758	0.11038961038961	1	0.742424242424242	0.772727272727273	0.0887445887445887	0.132034632034632
#438AC3	#438AC3	0.757575757575758	0.11038961038961	1	0.742424242424242	0.772727272727273	0.0887445887445887	0.132034632034632
#458EC9	#458EC9	0.757575757575758	0.11038961038961	1	0.742424242424242	0.772727272727273	0.0887445887445887	0.132034632034632
#4793CE	#4793CE	0.787878787878788	0.11038961038961	1	0.772727272727273	0.803030303030303	0.0887445887445887	0.132034632034632
#4997D4	#4997D4	0.787878787878788	0.11038961038961	1	0.772727272727273	0.803030303030303	0.0887445887445887	0.132034632034632
#4B9BD9	#4B9BD9	0.787878787878788	0.11038961038961	1	0.772727272727273	0.803030303030303	0.0887445887445887	0.132034632034632
#4D9FDF	#4D9FDF	0.818181818181818	0.11038961038961	1	0.803030303030303	0.833333333333333	0.0887445887445887	0.132034632034632
#4FA4E5	#4FA4E5	0.818181818181818	0.11038961038961	1	0.803030303030303	0.833333333333333	0.0887445887445887	0.132034632034632
#4FA4E5	#4FA4E5	0.818181818181818	0.11038961038961	1	0.803030303030303	0.833333333333333	0.0887445887445887	0.132034632034632
#4FA4E5	#4FA4E5	0.848484848484849	0.11038961038961	1	0.833333333333333	0.863636363636364	0.0887445887445887	0.132034632034632
#4FA4E5	#4FA4E5	0.848484848484849	0.11038961038961	1	0.833333333333333	0.863636363636364	0.0887445887445887	0.132034632034632
#4FA4E5	#4FA4E5	0.848484848484849	0.11038961038961	1	0.833333333333333	0.863636363636364	0.0887445887445887	0.132034632034632
#51A8EB	#51A8EB	0.878787878787879	0.11038961038961	1	0.863636363636364	0.893939393939394	0.0887445887445887	0.132034632034632
#51A8EB	#51A8EB	0.878787878787879	0.11038961038961	1	0.863636363636364	0.893939393939394	0.0887445887445887	0.132034632034632
#51A8EB	#51A8EB	0.878787878787879	0.11038961038961	1	0.863636363636364	0.893939393939394	0.0887445887445887	0.132034632034632
#51A8EB	#51A8EB	0.909090909090909	0.11038961038961	1	0.893939393939394	0.924242424242424	0.0887445887445887	0.132034632034632
#51A8EB	#51A8EB	0.909090909090909	0.11038961038961	1	0.893939393939394	0.924242424242424	0.0887445887445887	0.132034632034632
#51A8EB	#51A8EB	0.909090909090909	0.11038961038961	1	0.893939393939394	0.924242424242424	0.0887445887445887	0.132034632034632
#53ACF1	#53ACF1	0.939393939393939	0.11038961038961	1	0.924242424242424	0.954545454545455	0.0887445887445887	0.132034632034632
#51A8EB	#51A8EB	0.0606060606060606	0.153679653679654	1	0.0454545454545455	0.0757575757575758	0.132034632034632	0.175324675324675
#4FA4E5	#4FA4E5	0.0606060606060606	0.153679653679654	1	0.0454545454545455	0.0757575757575758	0.132034632034632	0.175324675324675
#4FA4E5	#4FA4E5	0.0909090909090909	0.153679653679654	1	0.0757575757575758	0.106060606060606	0.132034632034632	0.175324675324675
#4FA4E5	#4FA4E5	0.0909090909090909	0.153679653679654	1	0.0757575757575758	0.106060606060606	0.132034632034632	0.175324675324675
#4D9FDF	#4D9FDF	0.0909090909090909	0.153679653679654	1	0.0757575757575758	0.106060606060606	0.132034632034632	0.175324675324675
#4D9FDF	#4D9FDF	0.121212121212121	0.153679653679654	1	0.106060606060606	0.136363636363636	0.132034632034632	0.175324675324675
#4D9FDF	#4D9FDF	0.121212121212121	0.153679653679654	1	0.106060606060606	0.136363636363636	0.132034632034632	0.175324675324675
#4B9BD9	#4B9BD9	0.121212121212121	0.153679653679654	1	0.106060606060606	0.136363636363636	0.132034632034632	0.175324675324675
#4B9BD9	#4B9BD9	0.151515151515152	0.153679653679654	1	0.136363636363636	0.166666666666667	0.132034632034632	0.175324675324675
#4B9BD9	#4B9BD9	0.151515151515152	0.153679653679654	1	0.136363636363636	0.166666666666667	0.132034632034632	0.175324675324675
#4997D4	#4997D4	0.151515151515152	0.153679653679654	1	0.136363636363636	0.166666666666667	0.132034632034632	0.175324675324675
#4997D4	#4997D4	0.181818181818182	0.153679653679654	1	0.166666666666667	0.196969696969697	0.132034632034632	0.175324675324675
#4997D4	#4997D4	0.181818181818182	0.153679653679654	1	0.166666666666667	0.196969696969697	0.132034632034632	0.175324675324675
#4793CE	#4793CE	0.181818181818182	0.153679653679654	1	0.166666666666667	0.196969696969697	0.132034632034632	0.175324675324675
#458EC9	#458EC9	0.212121212121212	0.153679653679654	1	0.196969696969697	0.227272727272727	0.132034632034632	0.175324675324675
#438AC3	#438AC3	0.212121212121212	0.153679653679654	1	0.196969696969697	0.227272727272727	0.132034632034632	0.175324675324675
#4086BE	#4086BE	0.212121212121212	0.153679653679654	1	0.196969696969697	0.227272727272727	0.132034632034632	0.175324675324675
#4086BE	#4086BE	0.242424242424242	0.153679653679654	1	0.227272727272727	0.257575757575758	0.132034632034632	0.175324675324675
#3E82B8	#3E82B8	0.242424242424242	0.153679653679654	1	0.227272727272727	0.257575757575758	0.132034632034632	0.175324675324675
#3C7EB3	#3C7EB3	0.242424242424242	0.153679653679654	1	0.227272727272727	0.257575757575758	0.132034632034632	0.175324675324675
#3C7EB3	#3C7EB3	0.272727272727273	0.153679653679654	1	0.257575757575758	0.287878787878788	0.132034632034632	0.175324675324675
#3A7AAD	#3A7AAD	0.272727272727273	0.153679653679654	1	0.257575757575758	0.287878787878788	0.132034632034632	0.175324675324675
#3876A8	#3876A8	0.272727272727273	0.153679653679654	1	0.257575757575758	0.287878787878788	0.132034632034632	0.175324675324675
#3876A8	#3876A8	0.303030303030303	0.153679653679654	1	0.287878787878788	0.318181818181818	0.132034632034632	0.175324675324675
#3672A2	#3672A2	0.303030303030303	0.153679653679654	1	0.287878787878788	0.318181818181818	0.132034632034632	0.175324675324675
#3672A2	#3672A2	0.303030303030303	0.153679653679654	1	0.287878787878788	0.318181818181818	0.132034632034632	0.175324675324675
#3876A8	#3876A8	0.333333333333333	0.153679653679654	1	0.318181818181818	0.348484848484849	0.132034632034632	0.175324675324675
#3A7AAD	#3A7AAD	0.333333333333333	0.153679653679654	1	0.318181818181818	0.348484848484849	0.132034632034632	0.175324675324675
#3A7AAD	#3A7AAD	0.333333333333333	0.153679653679654	1	0.318181818181818	0.348484848484849	0.132034632034632	0.175324675324675
#3C7EB3	#3C7EB3	0.363636363636364	0.153679653679654	1	0.348484848484849	0.378787878787879	0.132034632034632	0.175324675324675
#3E82B8	#3E82B8	0.363636363636364	0.153679653679654	1	0.348484848484849	0.378787878787879	0.132034632034632	0.175324675324675
#438AC3	#438AC3	0.363636363636364	0.153679653679654	1	0.348484848484849	0.378787878787879	0.132034632034632	0.175324675324675
#438AC3	#438AC3	0.393939393939394	0.153679653679654	1	0.378787878787879	0.409090909090909	0.132034632034632	0.175324675324675
#458EC9	#458EC9	0.393939393939394	0.153679653679654	1	0.378787878787879	0.409090909090909	0.132034632034632	0.175324675324675
#4793CE	#4793CE	0.393939393939394	0.153679653679654	1	0.378787878787879	0.409090909090909	0.132034632034632	0.175324675324675
#4793CE	#4793CE	0.424242424242424	0.153679653679654	1	0.409090909090909	0.439393939393939	0.132034632034632	0.175324675324675
#4793CE	#4793CE	0.424242424242424	0.153679653679654	1	0.409090909090909	0.439393939393939	0.132034632034632	0.175324675324675
#4793CE	#4793CE	0.424242424242424	0.153679653679654	1	0.409090909090909	0.439393939393939	0.132034632034632	0.175324675324675
#4793CE	#4793CE	0.454545454545455	0.153679653679654	1	0.439393939393939	0.46969696969697	0.132034632034632	0.175324675324675
#4997D4	#4997D4	0.454545454545455	0.153679653679654	1	0.439393939393939	0.46969696969697	0.132034632034632	0.175324675324675
#4793CE	#4793CE	0.454545454545455	0.153679653679654	1	0.439393939393939	0.46969696969697	0.132034632034632	0.175324675324675
#4793CE	#4793CE	0.484848484848485	0.153679653679654	1	0.46969696969697	0.5	0.132034632034632	0.175324675324675
#4793CE	#4793CE	0.484848484848485	0.153679653679654	1	0.46969696969697	0.5	0.132034632034632	0.175324675324675
#458EC9	#458EC9	0.484848484848485	0.153679653679654	1	0.46969696969697	0.5	0.132034632034632	0.175324675324675
#458EC9	#458EC9	0.515151515151515	0.153679653679654	1	0.5	0.53030303030303	0.132034632034632	0.175324675324675
#458EC9	#458EC9	0.515151515151515	0.153679653679654	1	0.5	0.53030303030303	0.132034632034632	0.175324675324675
#458EC9	#458EC9	0.515151515151515	0.153679653679654	1	0.5	0.53030303030303	0.132034632034632	0.175324675324675
#458EC9	#458EC9	0.545454545454545	0.153679653679654	1	0.53030303030303	0.560606060606061	0.132034632034632	0.175324675324675
#458EC9	#458EC9	0.545454545454545	0.153679653679654	1	0.53030303030303	0.560606060606061	0.132034632034632	0.175324675324675
#458EC9	#458EC9	0.545454545454545	0.153679653679654	1	0.53030303030303	0.560606060606061	0.132034632034632	0.175324675324675
#438AC3	#438AC3	0.575757575757576	0.153679653679654	1	0.560606060606061	0.590909090909091	0.132034632034632	0.175324675324675
#438AC3	#438AC3	0.575757575757576	0.153679653679654	1	0.560606060606061	0.590909090909091	0.132034632034632	0.175324675324675
#458EC9	#458EC9	0.575757575757576	0.153679653679654	1	0.560606060606061	0.590909090909091	0.132034632034632	0.175324675324675
#458EC9	#458EC9	0.606060606060606	0.153679653679654	1	0.590909090909091	0.621212121212121	0.132034632034632	0.175324675324675
#458EC9	#458EC9	0.606060606060606	0.153679653679654	1	0.590909090909091	0.621212121212121	0.132034632034632	0.175324675324675
#458EC9	#458EC9	0.606060606060606	0.153679653679654	1	0.590909090909091	0.621212121212121	0.132034632034632	0.175324675324675
#4793CE	#4793CE	0.636363636363636	0.153679653679654	1	0.621212121212121	0.651515151515151	0.132034632034632	0.175324675324675
#4793CE	#4793CE	0.636363636363636	0.153679653679654	1	0.621212121212121	0.651515151515151	0.132034632034632	0.175324675324675
#458EC9	#458EC9	0.636363636363636	0.153679653679654	1	0.621212121212121	0.651515151515151	0.132034632034632	0.175324675324675
#458EC9	#458EC9	0.666666666666667	0.153679653679654	1	0.651515151515151	0.681818181818182	0.132034632034632	0.175324675324675
#458EC9	#458EC9	0.666666666666667	0.153679653679654	1	0.651515151515151	0.681818181818182	0.132034632034632	0.175324675324675
#458EC9	#458EC9	0.666666666666667	0.153679653679654	1	0.651515151515151	0.681818181818182	0.132034632034632	0.175324675324675
#458EC9	#458EC9	0.696969696969697	0.153679653679654	1	0.681818181818182	0.712121212121212	0.132034632034632	0.175324675324675
#458EC9	#458EC9	0.696969696969697	0.153679653679654	1	0.681818181818182	0.712121212121212	0.132034632034632	0.175324675324675
#458EC9	#458EC9	0.696969696969697	0.153679653679654	1	0.681818181818182	0.712121212121212	0.132034632034632	0.175324675324675
#438AC3	#438AC3	0.727272727272727	0.153679653679654	1	0.712121212121212	0.742424242424242	0.132034632034632	0.175324675324675
#438AC3	#438AC3	0.727272727272727	0.153679653679654	1	0.712121212121212	0.742424242424242	0.132034632034632	0.175324675324675
#438AC3	#438AC3	0.727272727272727	0.153679653679654	1	0.712121212121212	0.742424242424242	0.132034632034632	0.175324675324675
#438AC3	#438AC3	0.757575757575758	0.153679653679654	1	0.742424242424242	0.772727272727273	0.132034632034632	0.175324675324675
#438AC3	#438AC3	0.757575757575758	0.153679653679654	1	0.742424242424242	0.772727272727273	0.132034632034632	0.175324675324675
#458EC9	#458EC9	0.757575757575758	0.153679653679654	1	0.742424242424242	0.772727272727273	0.132034632034632	0.175324675324675
#4793CE	#4793CE	0.787878787878788	0.153679653679654	1	0.772727272727273	0.803030303030303	0.132034632034632	0.175324675324675
#4997D4	#4997D4	0.787878787878788	0.153679653679654	1	0.772727272727273	0.803030303030303	0.132034632034632	0.175324675324675
#4B9BD9	#4B9BD9	0.787878787878788	0.153679653679654	1	0.772727272727273	0.803030303030303	0.132034632034632	0.175324675324675
#4D9FDF	#4D9FDF	0.818181818181818	0.153679653679654	1	0.803030303030303	0.833333333333333	0.132034632034632	0.175324675324675
#4D9FDF	#4D9FDF	0.818181818181818	0.153679653679654	1	0.803030303030303	0.833333333333333	0.132034632034632	0.175324675324675
#4D9FDF	#4D9FDF	0.818181818181818	0.153679653679654	1	0.803030303030303	0.833333333333333	0.132034632034632	0.175324675324675
#4FA4E5	#4FA4E5	0.848484848484849	0.153679653679654	1	0.833333333333333	0.863636363636364	0.132034632034632	0.175324675324675
#4FA4E5	#4FA4E5	0.848484848484849	0.153679653679654	1	0.833333333333333	0.863636363636364	0.132034632034632	0.175324675324675
#4FA4E5	#4FA4E5	0.848484848484849	0.153679653679654	1	0.833333333333333	0.863636363636364	0.132034632034632	0.175324675324675
#4FA4E5	#4FA4E5	0.878787878787879	0.153679653679654	1	0.863636363636364	0.893939393939394	0.132034632034632	0.175324675324675
#51A8EB	#51A8EB	0.878787878787879	0.153679653679654	1	0.863636363636364	0.893939393939394	0.132034632034632	0.175324675324675
#51A8EB	#51A8EB	0.878787878787879	0.153679653679654	1	0.863636363636364	0.893939393939394	0.132034632034632	0.175324675324675
#51A8EB	#51A8EB	0.909090909090909	0.153679653679654	1	0.893939393939394	0.924242424242424	0.132034632034632	0.175324675324675
#51A8EB	#51A8EB	0.909090909090909	0.153679653679654	1	0.893939393939394	0.924242424242424	0.132034632034632	0.175324675324675
#51A8EB	#51A8EB	0.909090909090909	0.153679653679654	1	0.893939393939394	0.924242424242424	0.132034632034632	0.175324675324675
#51A8EB	#51A8EB	0.939393939393939	0.153679653679654	1	0.924242424242424	0.954545454545455	0.132034632034632	0.175324675324675
#51A8EB	#51A8EB	0.0606060606060606	0.153679653679654	1	0.0454545454545455	0.0757575757575758	0.132034632034632	0.175324675324675
#4FA4E5	#4FA4E5	0.0606060606060606	0.153679653679654	1	0.0454545454545455	0.0757575757575758	0.132034632034632	0.175324675324675
#4FA4E5	#4FA4E5	0.0909090909090909	0.153679653679654	1	0.0757575757575758	0.106060606060606	0.132034632034632	0.175324675324675
#4FA4E5	#4FA4E5	0.0909090909090909	0.153679653679654	1	0.0757575757575758	0.106060606060606	0.132034632034632	0.175324675324675
#4D9FDF	#4D9FDF	0.0909090909090909	0.153679653679654	1	0.0757575757575758	0.106060606060606	0.132034632034632	0.175324675324675
#4D9FDF	#4D9FDF	0.121212121212121	0.153679653679654	1	0.106060606060606	0.136363636363636	0.132034632034632	0.175324675324675
#4D9FDF	#4D9FDF	0.121212121212121	0.153679653679654	1	0.106060606060606	0.136363636363636	0.132034632034632	0.175324675324675
#4B9BD9	#4B9BD9	0.121212121212121	0.153679653679654	1	0.106060606060606	0.136363636363636	0.132034632034632	0.175324675324675
#4B9BD9	#4B9BD9	0.151515151515152	0.153679653679654	1	0.136363636363636	0.166666666666667	0.132034632034632	0.175324675324675
#4B9BD9	#4B9BD9	0.151515151515152	0.153679653679654	1	0.136363636363636	0.166666666666667	0.132034632034632	0.175324675324675
#4997D4	#4997D4	0.151515151515152	0.153679653679654	1	0.136363636363636	0.166666666666667	0.132034632034632	0.175324675324675
#4997D4	#4997D4	0.181818181818182	0.153679653679654	1	0.166666666666667	0.196969696969697	0.132034632034632	0.175324675324675
#4793CE	#4793CE	0.181818181818182	0.153679653679654	1	0.166666666666667	0.196969696969697	0.132034632034632	0.175324675324675
#4793CE	#4793CE	0.181818181818182	0.153679653679654	1	0.166666666666667	0.196969696969697	0.132034632034632	0.175324675324675
#458EC9	#458EC9	0.212121212121212	0.153679653679654	1	0.196969696969697	0.227272727272727	0.132034632034632	0.175324675324675
#438AC3	#438AC3	0.212121212121212	0.153679653679654	1	0.196969696969697	0.227272727272727	0.132034632034632	0.175324675324675
#4086BE	#4086BE	0.212121212121212	0.153679653679654	1	0.196969696969697	0.227272727272727	0.132034632034632	0.175324675324675
#3E82B8	#3E82B8	0.242424242424242	0.153679653679654	1	0.227272727272727	0.257575757575758	0.132034632034632	0.175324675324675
#3E82B8	#3E82B8	0.242424242424242	0.153679653679654	1	0.227272727272727	0.257575757575758	0.132034632034632	0.175324675324675
#3C7EB3	#3C7EB3	0.242424242424242	0.153679653679654	1	0.227272727272727	0.257575757575758	0.132034632034632	0.175324675324675
#3A7AAD	#3A7AAD	0.272727272727273	0.153679653679654	1	0.257575757575758	0.287878787878788	0.132034632034632	0.175324675324675
#3876A8	#3876A8	0.272727272727273	0.153679653679654	1	0.257575757575758	0.287878787878788	0.132034632034632	0.175324675324675
#3876A8	#3876A8	0.272727272727273	0.153679653679654	1	0.257575757575758	0.287878787878788	0.132034632034632	0.175324675324675
#3672A2	#3672A2	0.303030303030303	0.153679653679654	1	0.287878787878788	0.318181818181818	0.132034632034632	0.175324675324675
#3672A2	#3672A2	0.303030303030303	0.153679653679654	1	0.287878787878788	0.318181818181818	0.132034632034632	0.175324675324675
#3672A2	#3672A2	0.303030303030303	0.153679653679654	1	0.287878787878788	0.318181818181818	0.132034632034632	0.175324675324675
#3672A2	#3672A2	0.333333333333333	0.153679653679654	1	0.318181818181818	0.348484848484849	0.132034632034632	0.175324675324675
#3876A8	#3876A8	0.333333333333333	0.153679653679654	1	0.318181818181818	0.348484848484849	0.132034632034632	0.175324675324675
#3876A8	#3876A8	0.333333333333333	0.153679653679654	1	0.318181818181818	0.348484848484849	0.132034632034632	0.175324675324675
#3A7AAD	#3A7AAD	0.363636363636364	0.153679653679654	1	0.348484848484849	0.378787878787879	0.132034632034632	0.175324675324675
#3C7EB3	#3C7EB3	0.363636363636364	0.153679653679654	1	0.348484848484849	0.378787878787879	0.132034632034632	0.175324675324675
#3E82B8	#3E82B8	0.363636363636364	0.153679653679654	1	0.348484848484849	0.378787878787879	0.132034632034632	0.175324675324675
#438AC3	#438AC3	0.393939393939394	0.153679653679654	1	0.378787878787879	0.409090909090909	0.132034632034632	0.175324675324675
#438AC3	#438AC3	0.393939393939394	0.153679653679654	1	0.378787878787879	0.409090909090909	0.132034632034632	0.175324675324675
#458EC9	#458EC9	0.393939393939394	0.153679653679654	1	0.378787878787879	0.409090909090909	0.132034632034632	0.175324675324675
#458EC9	#458EC9	0.424242424242424	0.153679653679654	1	0.409090909090909	0.439393939393939	0.132034632034632	0.175324675324675
#458EC9	#458EC9	0.424242424242424	0.153679653679654	1	0.409090909090909	0.439393939393939	0.132034632034632	0.175324675324675
#458EC9	#458EC9	0.424242424242424	0.153679653679654	1	0.409090909090909	0.439393939393939	0.132034632034632	0.175324675324675
#4793CE	#4793CE	0.454545454545455	0.153679653679654	1	0.439393939393939	0.46969696969697	0.132034632034632	0.175324675324675
#4793CE	#4793CE	0.454545454545455	0.153679653679654	1	0.439393939393939	0.46969696969697	0.132034632034632	0.175324675324675
#4793CE	#4793CE	0.454545454545455	0.153679653679654	1	0.439393939393939	0.46969696969697	0.132034632034632	0.175324675324675
#4793CE	#4793CE	0.484848484848485	0.153679653679654	1	0.46969696969697	0.5	0.132034632034632	0.175324675324675
#458EC9	#458EC9	0.484848484848485	0.153679653679654	1	0.46969696969697	0.5	0.132034632034632	0.175324675324675
#458EC9	#458EC9	0.484848484848485	0.153679653679654	1	0.46969696969697	0.5	0.132034632034632	0.175324675324675
#458EC9	#458EC9	0.515151515151515	0.153679653679654	1	0.5	0.53030303030303	0.132034632034632	0.175324675324675
#458EC9	#458EC9	0.515151515151515	0.153679653679654	1	0.5	0.53030303030303	0.132034632034632	0.175324675324675
#458EC9	#458EC9	0.515151515151515	0.153679653679654	1	0.5	0.53030303030303	0.132034632034632	0.175324675324675
#458EC9	#458EC9	0.545454545454545	0.153679653679654	1	0.53030303030303	0.560606060606061	0.132034632034632	0.175324675324675
#438AC3	#438AC3	0.545454545454545	0.153679653679654	1	0.53030303030303	0.560606060606061	0.132034632034632	0.175324675324675
#438AC3	#438AC3	0.545454545454545	0.153679653679654	1	0.53030303030303	0.560606060606061	0.132034632034632	0.175324675324675
#438AC3	#438AC3	0.575757575757576	0.153679653679654	1	0.560606060606061	0.590909090909091	0.132034632034632	0.175324675324675
#438AC3	#438AC3	0.575757575757576	0.153679653679654	1	0.560606060606061	0.590909090909091	0.132034632034632	0.175324675324675
#438AC3	#438AC3	0.575757575757576	0.153679653679654	1	0.560606060606061	0.590909090909091	0.132034632034632	0.175324675324675
#458EC9	#458EC9	0.606060606060606	0.153679653679654	1	0.590909090909091	0.621212121212121	0.132034632034632	0.175324675324675
#458EC9	#458EC9	0.606060606060606	0.153679653679654	1	0.590909090909091	0.621212121212121	0.132034632034632	0.175324675324675
#458EC9	#458EC9	0.606060606060606	0.153679653679654	1	0.590909090909091	0.621212121212121	0.132034632034632	0.175324675324675
#458EC9	#458EC9	0.636363636363636	0.153679653679654	1	0.621212121212121	0.651515151515151	0.132034632034632	0.175324675324675
#458EC9	#458EC9	0.636363636363636	0.153679653679654	1	0.621212121212121	0.651515151515151	0.132034632034632	0.175324675324675
#458EC9	#458EC9	0.636363636363636	0.153679653679654	1	0.621212121212121	0.651515151515151	0.132034632034632	0.175324675324675
#458EC9	#458EC9	0.666666666666667	0.153679653679654	1	0.651515151515151	0.681818181818182	0.132034632034632	0.175324675324675
#458EC9	#458EC9	0.666666666666667	0.153679653679654	1	0.651515151515151	0.681818181818182	0.132034632034632	0.175324675324675
#458EC9	#458EC9	0.666666666666667	0.153679653679654	1	0.651515151515151	0.681818181818182	0.132034632034632	0.175324675324675
#458EC9	#458EC9	0.696969696969697	0.153679653679654	1	0.681818181818182	0.712121212121212	0.132034632034632	0.175324675324675
#458EC9	#458EC9	0.696969696969697	0.153679653679654	1	0.681818181818182	0.712121212121212	0.132034632034632	0.175324675324675
#438AC3	#438AC3	0.696969696969697	0.153679653679654	1	0.681818181818182	0.712121212121212	0.132034632034632	0.175324675324675
#438AC3	#438AC3	0.727272727272727	0.153679653679654	1	0.712121212121212	0.742424242424242	0.132034632034632	0.175324675324675
#4086BE	#4086BE	0.727272727272727	0.153679653679654	1	0.712121212121212	0.742424242424242	0.132034632034632	0.175324675324675
#4086BE	#4086BE	0.727272727272727	0.153679653679654	1	0.712121212121212	0.742424242424242	0.132034632034632	0.175324675324675
#4086BE	#4086BE	0.757575757575758	0.153679653679654	1	0.742424242424242	0.772727272727273	0.132034632034632	0.175324675324675
#438AC3	#438AC3	0.757575757575758	0.153679653679654	1	0.742424242424242	0.772727272727273	0.132034632034632	0.175324675324675
#438AC3	#438AC3	0.757575757575758	0.153679653679654	1	0.742424242424242	0.772727272727273	0.132034632034632	0.175324675324675
#458EC9	#458EC9	0.787878787878788	0.153679653679654	1	0.772727272727273	0.803030303030303	0.132034632034632	0.175324675324675
#4997D4	#4997D4	0.787878787878788	0.153679653679654	1	0.772727272727273	0.803030303030303	0.132034632034632	0.175324675324675
#4B9BD9	#4B9BD9	0.787878787878788	0.153679653679654	1	0.772727272727273	0.803030303030303	0.132034632034632	0.175324675324675
#4B9BD9	#4B9BD9	0.818181818181818	0.153679653679654	1	0.803030303030303	0.833333333333333	0.132034632034632	0.175324675324675
#4D9FDF	#4D9FDF	0.818181818181818	0.153679653679654	1	0.803030303030303	0.833333333333333	0.132034632034632	0.175324675324675
#4D9FDF	#4D9FDF	0.818181818181818	0.153679653679654	1	0.803030303030303	0.833333333333333	0.132034632034632	0.175324675324675
#4FA4E5	#4FA4E5	0.848484848484849	0.153679653679654	1	0.833333333333333	0.863636363636364	0.132034632034632	0.175324675324675
#4FA4E5	#4FA4E5	0.848484848484849	0.153679653679654	1	0.833333333333333	0.863636363636364	0.132034632034632	0.175324675324675
#4FA4E5	#4FA4E5	0.848484848484849	0.153679653679654	1	0.833333333333333	0.863636363636364	0.132034632034632	0.175324675324675
#4FA4E5	#4FA4E5	0.878787878787879	0.153679653679654	1	0.863636363636364	0.893939393939394	0.132034632034632	0.175324675324675
#51A8EB	#51A8EB	0.878787878787879	0.153679653679654	1	0.863636363636364	0.893939393939394	0.132034632034632	0.175324675324675
#51A8EB	#51A8EB	0.878787878787879	0.153679653679654	1	0.863636363636364	0.893939393939394	0.132034632034632	0.175324675324675
#51A8EB	#51A8EB	0.909090909090909	0.153679653679654	1	0.893939393939394	0.924242424242424	0.132034632034632	0.175324675324675
#51A8EB	#51A8EB	0.909090909090909	0.153679653679654	1	0.893939393939394	0.924242424242424	0.132034632034632	0.175324675324675
#51A8EB	#51A8EB	0.909090909090909	0.153679653679654	1	0.893939393939394	0.924242424242424	0.132034632034632	0.175324675324675
#51A8EB	#51A8EB	0.939393939393939	0.153679653679654	1	0.924242424242424	0.954545454545455	0.132034632034632	0.175324675324675
#51A8EB	#51A8EB	0.0606060606060606	0.153679653679654	1	0.0454545454545455	0.0757575757575758	0.132034632034632	0.175324675324675
#51A8EB	#51A8EB	0.0606060606060606	0.153679653679654	1	0.0454545454545455	0.0757575757575758	0.132034632034632	0.175324675324675
#4FA4E5	#4FA4E5	0.0909090909090909	0.153679653679654	1	0.0757575757575758	0.106060606060606	0.132034632034632	0.175324675324675
#4FA4E5	#4FA4E5	0.0909090909090909	0.153679653679654	1	0.0757575757575758	0.106060606060606	0.132034632034632	0.175324675324675
#4FA4E5	#4FA4E5	0.0909090909090909	0.153679653679654	1	0.0757575757575758	0.106060606060606	0.132034632034632	0.175324675324675
#4D9FDF	#4D9FDF	0.121212121212121	0.153679653679654	1	0.106060606060606	0.136363636363636	0.132034632034632	0.175324675324675
#4D9FDF	#4D9FDF	0.121212121212121	0.153679653679654	1	0.106060606060606	0.136363636363636	0.132034632034632	0.175324675324675
#4D9FDF	#4D9FDF	0.121212121212121	0.153679653679654	1	0.106060606060606	0.136363636363636	0.132034632034632	0.175324675324675
#4B9BD9	#4B9BD9	0.151515151515152	0.153679653679654	1	0.136363636363636	0.166666666666667	0.132034632034632	0.175324675324675
#4B9BD9	#4B9BD9	0.151515151515152	0.153679653679654	1	0.136363636363636	0.166666666666667	0.132034632034632	0.175324675324675
#4B9BD9	#4B9BD9	0.151515151515152	0.153679653679654	1	0.136363636363636	0.166666666666667	0.132034632034632	0.175324675324675
#4997D4	#4997D4	0.181818181818182	0.153679653679654	1	0.166666666666667	0.196969696969697	0.132034632034632	0.175324675324675
#4793CE	#4793CE	0.181818181818182	0.153679653679654	1	0.166666666666667	0.196969696969697	0.132034632034632	0.175324675324675
#458EC9	#458EC9	0.181818181818182	0.153679653679654	1	0.166666666666667	0.196969696969697	0.132034632034632	0.175324675324675
#458EC9	#458EC9	0.212121212121212	0.153679653679654	1	0.196969696969697	0.227272727272727	0.132034632034632	0.175324675324675
#438AC3	#438AC3	0.212121212121212	0.153679653679654	1	0.196969696969697	0.227272727272727	0.132034632034632	0.175324675324675
#4086BE	#4086BE	0.212121212121212	0.153679653679654	1	0.196969696969697	0.227272727272727	0.132034632034632	0.175324675324675
#3E82B8	#3E82B8	0.242424242424242	0.153679653679654	1	0.227272727272727	0.257575757575758	0.132034632034632	0.175324675324675
#3C7EB3	#3C7EB3	0.242424242424242	0.153679653679654	1	0.227272727272727	0.257575757575758	0.132034632034632	0.175324675324675
#3C7EB3	#3C7EB3	0.242424242424242	0.153679653679654	1	0.227272727272727	0.257575757575758	0.132034632034632	0.175324675324675
#3A7AAD	#3A7AAD	0.272727272727273	0.153679653679654	1	0.257575757575758	0.287878787878788	0.132034632034632	0.175324675324675
#3876A8	#3876A8	0.272727272727273	0.153679653679654	1	0.257575757575758	0.287878787878788	0.132034632034632	0.175324675324675
#3672A2	#3672A2	0.272727272727273	0.153679653679654	1	0.257575757575758	0.287878787878788	0.132034632034632	0.175324675324675
#3672A2	#3672A2	0.303030303030303	0.153679653679654	1	0.287878787878788	0.318181818181818	0.132034632034632	0.175324675324675
#346E9D	#346E9D	0.303030303030303	0.153679653679654	1	0.287878787878788	0.318181818181818	0.132034632034632	0.175324675324675
#346E9D	#346E9D	0.303030303030303	0.153679653679654	1	0.287878787878788	0.318181818181818	0.132034632034632	0.175324675324675
#346E9D	#346E9D	0.333333333333333	0.153679653679654	1	0.318181818181818	0.348484848484849	0.132034632034632	0.175324675324675
#3672A2	#3672A2	0.333333333333333	0.153679653679654	1	0.318181818181818	0.348484848484849	0.132034632034632	0.175324675324675
#3672A2	#3672A2	0.333333333333333	0.153679653679654	1	0.318181818181818	0.348484848484849	0.132034632034632	0.175324675324675
#3876A8	#3876A8	0.363636363636364	0.153679653679654	1	0.348484848484849	0.378787878787879	0.132034632034632	0.175324675324675
#3A7AAD	#3A7AAD	0.363636363636364	0.153679653679654	1	0.348484848484849	0.378787878787879	0.132034632034632	0.175324675324675
#3C7EB3	#3C7EB3	0.363636363636364	0.153679653679654	1	0.348484848484849	0.378787878787879	0.132034632034632	0.175324675324675
#4086BE	#4086BE	0.393939393939394	0.153679653679654	1	0.378787878787879	0.409090909090909	0.132034632034632	0.175324675324675
#438AC3	#438AC3	0.393939393939394	0.153679653679654	1	0.378787878787879	0.409090909090909	0.132034632034632	0.175324675324675
#438AC3	#438AC3	0.393939393939394	0.153679653679654	1	0.378787878787879	0.409090909090909	0.132034632034632	0.175324675324675
#458EC9	#458EC9	0.424242424242424	0.153679653679654	1	0.409090909090909	0.439393939393939	0.132034632034632	0.175324675324675
#458EC9	#458EC9	0.424242424242424	0.153679653679654	1	0.409090909090909	0.439393939393939	0.132034632034632	0.175324675324675
#458EC9	#458EC9	0.424242424242424	0.153679653679654	1	0.409090909090909	0.439393939393939	0.132034632034632	0.175324675324675
#458EC9	#458EC9	0.454545454545455	0.153679653679654	1	0.439393939393939	0.46969696969697	0.132034632034632	0.175324675324675
#4793CE	#4793CE	0.454545454545455	0.153679653679654	1	0.439393939393939	0.46969696969697	0.132034632034632	0.175324675324675
#458EC9	#458EC9	0.454545454545455	0.153679653679654	1	0.439393939393939	0.46969696969697	0.132034632034632	0.175324675324675
#458EC9	#458EC9	0.484848484848485	0.153679653679654	1	0.46969696969697	0.5	0.132034632034632	0.175324675324675
#458EC9	#458EC9	0.484848484848485	0.153679653679654	1	0.46969696969697	0.5	0.132034632034632	0.175324675324675
#458EC9	#458EC9	0.484848484848485	0.153679653679654	1	0.46969696969697	0.5	0.132034632034632	0.175324675324675
#458EC9	#458EC9	0.515151515151515	0.153679653679654	1	0.5	0.53030303030303	0.132034632034632	0.175324675324675
#438AC3	#438AC3	0.515151515151515	0.153679653679654	1	0.5	0.53030303030303	0.132034632034632	0.175324675324675
#438AC3	#438AC3	0.515151515151515	0.153679653679654	1	0.5	0.53030303030303	0.132034632034632	0.175324675324675
#438AC3	#438AC3	0.545454545454545	0.153679653679654	1	0.53030303030303	0.560606060606061	0.132034632034632	0.175324675324675
#438AC3	#438AC3	0.545454545454545	0.153679653679654	1	0.53030303030303	0.560606060606061	0.132034632034632	0.175324675324675
#438AC3	#438AC3	0.545454545454545	0.153679653679654	1	0.53030303030303	0.560606060606061	0.132034632034632	0.175324675324675
#438AC3	#438AC3	0.575757575757576	0.153679653679654	1	0.560606060606061	0.590909090909091	0.132034632034632	0.175324675324675
#438AC3	#438AC3	0.575757575757576	0.153679653679654	1	0.560606060606061	0.590909090909091	0.132034632034632	0.175324675324675
#438AC3	#438AC3	0.575757575757576	0.153679653679654	1	0.560606060606061	0.590909090909091	0.132034632034632	0.175324675324675
#438AC3	#438AC3	0.606060606060606	0.153679653679654	1	0.590909090909091	0.621212121212121	0.132034632034632	0.175324675324675
#438AC3	#438AC3	0.606060606060606	0.153679653679654	1	0.590909090909091	0.621212121212121	0.132034632034632	0.175324675324675
#438AC3	#438AC3	0.606060606060606	0.153679653679654	1	0.590909090909091	0.621212121212121	0.132034632034632	0.175324675324675
#458EC9	#458EC9	0.636363636363636	0.153679653679654	1	0.621212121212121	0.651515151515151	0.132034632034632	0.175324675324675
#458EC9	#458EC9	0.636363636363636	0.153679653679654	1	0.621212121212121	0.651515151515151	0.132034632034632	0.175324675324675
#438AC3	#438AC3	0.636363636363636	0.153679653679654	1	0.621212121212121	0.651515151515151	0.132034632034632	0.175324675324675
#438AC3	#438AC3	0.666666666666667	0.153679653679654	1	0.651515151515151	0.681818181818182	0.132034632034632	0.175324675324675
#438AC3	#438AC3	0.666666666666667	0.153679653679654	1	0.651515151515151	0.681818181818182	0.132034632034632	0.175324675324675
#438AC3	#438AC3	0.666666666666667	0.153679653679654	1	0.651515151515151	0.681818181818182	0.132034632034632	0.175324675324675
#438AC3	#438AC3	0.696969696969697	0.153679653679654	1	0.681818181818182	0.712121212121212	0.132034632034632	0.175324675324675
#438AC3	#438AC3	0.696969696969697	0.153679653679654	1	0.681818181818182	0.712121212121212	0.132034632034632	0.175324675324675
#4086BE	#4086BE	0.696969696969697	0.153679653679654	1	0.681818181818182	0.712121212121212	0.132034632034632	0.175324675324675
#4086BE	#4086BE	0.727272727272727	0.153679653679654	1	0.712121212121212	0.742424242424242	0.132034632034632	0.175324675324675
#4086BE	#4086BE	0.727272727272727	0.153679653679654	1	0.712121212121212	0.742424242424242	0.132034632034632	0.175324675324675
#4086BE	#4086BE	0.727272727272727	0.153679653679654	1	0.712121212121212	0.742424242424242	0.132034632034632	0.175324675324675
#4086BE	#4086BE	0.757575757575758	0.153679653679654	1	0.742424242424242	0.772727272727273	0.132034632034632	0.175324675324675
#4086BE	#4086BE	0.757575757575758	0.153679653679654	1	0.742424242424242	0.772727272727273	0.132034632034632	0.175324675324675
#438AC3	#438AC3	0.757575757575758	0.153679653679654	1	0.742424242424242	0.772727272727273	0.132034632034632	0.175324675324675
#458EC9	#458EC9	0.787878787878788	0.153679653679654	1	0.772727272727273	0.803030303030303	0.132034632034632	0.175324675324675
#4793CE	#4793CE	0.787878787878788	0.153679653679654	1	0.772727272727273	0.803030303030303	0.132034632034632	0.175324675324675
#4997D4	#4997D4	0.787878787878788	0.153679653679654	1	0.772727272727273	0.803030303030303	0.132034632034632	0.175324675324675
#4B9BD9	#4B9BD9	0.818181818181818	0.153679653679654	1	0.803030303030303	0.833333333333333	0.132034632034632	0.175324675324675
#4D9FDF	#4D9FDF	0.818181818181818	0.153679653679654	1	0.803030303030303	0.833333333333333	0.132034632034632	0.175324675324675
#4D9FDF	#4D9FDF	0.818181818181818	0.153679653679654	1	0.803030303030303	0.833333333333333	0.132034632034632	0.175324675324675
#4FA4E5	#4FA4E5	0.848484848484849	0.153679653679654	1	0.833333333333333	0.863636363636364	0.132034632034632	0.175324675324675
#4FA4E5	#4FA4E5	0.848484848484849	0.153679653679654	1	0.833333333333333	0.863636363636364	0.132034632034632	0.175324675324675
#4FA4E5	#4FA4E5	0.848484848484849	0.153679653679654	1	0.833333333333333	0.863636363636364	0.132034632034632	0.175324675324675
#4FA4E5	#4FA4E5	0.878787878787879	0.153679653679654	1	0.863636363636364	0.893939393939394	0.132034632034632	0.175324675324675
#4FA4E5	#4FA4E5	0.878787878787879	0.153679653679654	1	0.863636363636364	0.893939393939394	0.132034632034632	0.175324675324675
#51A8EB	#51A8EB	0.878787878787879	0.153679653679654	1	0.863636363636364	0.893939393939394	0.132034632034632	0.175324675324675
#51A8EB	#51A8EB	0.909090909090909	0.153679653679654	1	0.893939393939394	0.924242424242424	0.132034632034632	0.175324675324675
#51A8EB	#51A8EB	0.909090909090909	0.153679653679654	1	0.893939393939394	0.924242424242424	0.132034632034632	0.175324675324675
#51A8EB	#51A8EB	0.909090909090909	0.153679653679654	1	0.893939393939394	0.924242424242424	0.132034632034632	0.175324675324675
#51A8EB	#51A8EB	0.939393939393939	0.153679653679654	1	0.924242424242424	0.954545454545455	0.132034632034632	0.175324675324675
#51A8EB	#51A8EB	0.0606060606060606	0.196969696969697	1	0.0454545454545455	0.0757575757575758	0.175324675324675	0.218614718614719
#51A8EB	#51A8EB	0.0606060606060606	0.196969696969697	1	0.0454545454545455	0.0757575757575758	0.175324675324675	0.218614718614719
#4FA4E5	#4FA4E5	0.0909090909090909	0.196969696969697	1	0.0757575757575758	0.106060606060606	0.175324675324675	0.218614718614719
#4FA4E5	#4FA4E5	0.0909090909090909	0.196969696969697	1	0.0757575757575758	0.106060606060606	0.175324675324675	0.218614718614719
#4FA4E5	#4FA4E5	0.0909090909090909	0.196969696969697	1	0.0757575757575758	0.106060606060606	0.175324675324675	0.218614718614719
#4D9FDF	#4D9FDF	0.121212121212121	0.196969696969697	1	0.106060606060606	0.136363636363636	0.175324675324675	0.218614718614719
#4D9FDF	#4D9FDF	0.121212121212121	0.196969696969697	1	0.106060606060606	0.136363636363636	0.175324675324675	0.218614718614719
#4D9FDF	#4D9FDF	0.121212121212121	0.196969696969697	1	0.106060606060606	0.136363636363636	0.175324675324675	0.218614718614719
#4B9BD9	#4B9BD9	0.151515151515152	0.196969696969697	1	0.136363636363636	0.166666666666667	0.175324675324675	0.218614718614719
#4B9BD9	#4B9BD9	0.151515151515152	0.196969696969697	1	0.136363636363636	0.166666666666667	0.175324675324675	0.218614718614719
#4B9BD9	#4B9BD9	0.151515151515152	0.196969696969697	1	0.136363636363636	0.166666666666667	0.175324675324675	0.218614718614719
#4997D4	#4997D4	0.181818181818182	0.196969696969697	1	0.166666666666667	0.196969696969697	0.175324675324675	0.218614718614719
#4793CE	#4793CE	0.181818181818182	0.196969696969697	1	0.166666666666667	0.196969696969697	0.175324675324675	0.218614718614719
#458EC9	#458EC9	0.181818181818182	0.196969696969697	1	0.166666666666667	0.196969696969697	0.175324675324675	0.218614718614719
#438AC3	#438AC3	0.212121212121212	0.196969696969697	1	0.196969696969697	0.227272727272727	0.175324675324675	0.218614718614719
#438AC3	#438AC3	0.212121212121212	0.196969696969697	1	0.196969696969697	0.227272727272727	0.175324675324675	0.218614718614719
#4086BE	#4086BE	0.212121212121212	0.196969696969697	1	0.196969696969697	0.227272727272727	0.175324675324675	0.218614718614719
#3E82B8	#3E82B8	0.242424242424242	0.196969696969697	1	0.227272727272727	0.257575757575758	0.175324675324675	0.218614718614719
#3C7EB3	#3C7EB3	0.242424242424242	0.196969696969697	1	0.227272727272727	0.257575757575758	0.175324675324675	0.218614718614719
#3A7AAD	#3A7AAD	0.242424242424242	0.196969696969697	1	0.227272727272727	0.257575757575758	0.175324675324675	0.218614718614719
#3876A8	#3876A8	0.272727272727273	0.196969696969697	1	0.257575757575758	0.287878787878788	0.175324675324675	0.218614718614719
#3876A8	#3876A8	0.272727272727273	0.196969696969697	1	0.257575757575758	0.287878787878788	0.175324675324675	0.218614718614719
#3672A2	#3672A2	0.272727272727273	0.196969696969697	1	0.257575757575758	0.287878787878788	0.175324675324675	0.218614718614719
#346E9D	#346E9D	0.303030303030303	0.196969696969697	1	0.287878787878788	0.318181818181818	0.175324675324675	0.218614718614719
#326A97	#326A97	0.303030303030303	0.196969696969697	1	0.287878787878788	0.318181818181818	0.175324675324675	0.218614718614719
#326A97	#326A97	0.303030303030303	0.196969696969697	1	0.287878787878788	0.318181818181818	0.175324675324675	0.218614718614719
#326A97	#326A97	0.333333333333333	0.196969696969697	1	0.318181818181818	0.348484848484849	0.175324675324675	0.218614718614719
#346E9D	#346E9D	0.333333333333333	0.196969696969697	1	0.318181818181818	0.348484848484849	0.175324675324675	0.218614718614719
#3672A2	#3672A2	0.333333333333333	0.196969696969697	1	0.318181818181818	0.348484848484849	0.175324675324675	0.218614718614719
#3672A2	#3672A2	0.363636363636364	0.196969696969697	1	0.348484848484849	0.378787878787879	0.175324675324675	0.218614718614719
#3876A8	#3876A8	0.363636363636364	0.196969696969697	1	0.348484848484849	0.378787878787879	0.175324675324675	0.218614718614719
#3A7AAD	#3A7AAD	0.363636363636364	0.196969696969697	1	0.348484848484849	0.378787878787879	0.175324675324675	0.218614718614719
#3C7EB3	#3C7EB3	0.393939393939394	0.196969696969697	1	0.378787878787879	0.409090909090909	0.175324675324675	0.218614718614719
#3E82B8	#3E82B8	0.393939393939394	0.196969696969697	1	0.378787878787879	0.409090909090909	0.175324675324675	0.218614718614719
#4086BE	#4086BE	0.393939393939394	0.196969696969697	1	0.378787878787879	0.409090909090909	0.175324675324675	0.218614718614719
#438AC3	#438AC3	0.424242424242424	0.196969696969697	1	0.409090909090909	0.439393939393939	0.175324675324675	0.218614718614719
#438AC3	#438AC3	0.424242424242424	0.196969696969697	1	0.409090909090909	0.439393939393939	0.175324675324675	0.218614718614719
#458EC9	#458EC9	0.424242424242424	0.196969696969697	1	0.409090909090909	0.439393939393939	0.175324675324675	0.218614718614719
#458EC9	#458EC9	0.454545454545455	0.196969696969697	1	0.439393939393939	0.46969696969697	0.175324675324675	0.218614718614719
#458EC9	#458EC9	0.454545454545455	0.196969696969697	1	0.439393939393939	0.46969696969697	0.175324675324675	0.218614718614719
#458EC9	#458EC9	0.454545454545455	0.196969696969697	1	0.439393939393939	0.46969696969697	0.175324675324675	0.218614718614719
#458EC9	#458EC9	0.484848484848485	0.196969696969697	1	0.46969696969697	0.5	0.175324675324675	0.218614718614719
#438AC3	#438AC3	0.484848484848485	0.196969696969697	1	0.46969696969697	0.5	0.175324675324675	0.218614718614719
#438AC3	#438AC3	0.484848484848485	0.196969696969697	1	0.46969696969697	0.5	0.175324675324675	0.218614718614719
#438AC3	#438AC3	0.515151515151515	0.196969696969697	1	0.5	0.53030303030303	0.175324675324675	0.218614718614719
#438AC3	#438AC3	0.515151515151515	0.196969696969697	1	0.5	0.53030303030303	0.175324675324675	0.218614718614719
#438AC3	#438AC3	0.515151515151515	0.196969696969697	1	0.5	0.53030303030303	0.175324675324675	0.218614718614719
#438AC3	#438AC3	0.545454545454545	0.196969696969697	1	0.53030303030303	0.560606060606061	0.175324675324675	0.218614718614719
#4086BE	#4086BE	0.545454545454545	0.196969696969697	1	0.53030303030303	0.560606060606061	0.175324675324675	0.218614718614719
#4086BE	#4086BE	0.545454545454545	0.196969696969697	1	0.53030303030303	0.560606060606061	0.175324675324675	0.218614718614719
#4086BE	#4086BE	0.575757575757576	0.196969696969697	1	0.560606060606061	0.590909090909091	0.175324675324675	0.218614718614719
#4086BE	#4086BE	0.575757575757576	0.196969696969697	1	0.560606060606061	0.590909090909091	0.175324675324675	0.218614718614719
#438AC3	#438AC3	0.575757575757576	0.196969696969697	1	0.560606060606061	0.590909090909091	0.175324675324675	0.218614718614719
#4086BE	#4086BE	0.606060606060606	0.196969696969697	1	0.590909090909091	0.621212121212121	0.175324675324675	0.218614718614719
#438AC3	#438AC3	0.606060606060606	0.196969696969697	1	0.590909090909091	0.621212121212121	0.175324675324675	0.218614718614719
#438AC3	#438AC3	0.606060606060606	0.196969696969697	1	0.590909090909091	0.621212121212121	0.175324675324675	0.218614718614719
#438AC3	#438AC3	0.636363636363636	0.196969696969697	1	0.621212121212121	0.651515151515151	0.175324675324675	0.218614718614719
#438AC3	#438AC3	0.636363636363636	0.196969696969697	1	0.621212121212121	0.651515151515151	0.175324675324675	0.218614718614719
#438AC3	#438AC3	0.636363636363636	0.196969696969697	1	0.621212121212121	0.651515151515151	0.175324675324675	0.218614718614719
#438AC3	#438AC3	0.666666666666667	0.196969696969697	1	0.651515151515151	0.681818181818182	0.175324675324675	0.218614718614719
#4086BE	#4086BE	0.666666666666667	0.196969696969697	1	0.651515151515151	0.681818181818182	0.175324675324675	0.218614718614719
#4086BE	#4086BE	0.666666666666667	0.196969696969697	1	0.651515151515151	0.681818181818182	0.175324675324675	0.218614718614719
#4086BE	#4086BE	0.696969696969697	0.196969696969697	1	0.681818181818182	0.712121212121212	0.175324675324675	0.218614718614719
#4086BE	#4086BE	0.696969696969697	0.196969696969697	1	0.681818181818182	0.712121212121212	0.175324675324675	0.218614718614719
#4086BE	#4086BE	0.696969696969697	0.196969696969697	1	0.681818181818182	0.712121212121212	0.175324675324675	0.218614718614719
#4086BE	#4086BE	0.727272727272727	0.196969696969697	1	0.712121212121212	0.742424242424242	0.175324675324675	0.218614718614719
#3E82B8	#3E82B8	0.727272727272727	0.196969696969697	1	0.712121212121212	0.742424242424242	0.175324675324675	0.218614718614719
#3E82B8	#3E82B8	0.727272727272727	0.196969696969697	1	0.712121212121212	0.742424242424242	0.175324675324675	0.218614718614719
#4086BE	#4086BE	0.757575757575758	0.196969696969697	1	0.742424242424242	0.772727272727273	0.175324675324675	0.218614718614719
#4086BE	#4086BE	0.757575757575758	0.196969696969697	1	0.742424242424242	0.772727272727273	0.175324675324675	0.218614718614719
#438AC3	#438AC3	0.757575757575758	0.196969696969697	1	0.742424242424242	0.772727272727273	0.175324675324675	0.218614718614719
#438AC3	#438AC3	0.787878787878788	0.196969696969697	1	0.772727272727273	0.803030303030303	0.175324675324675	0.218614718614719
#4793CE	#4793CE	0.787878787878788	0.196969696969697	1	0.772727272727273	0.803030303030303	0.175324675324675	0.218614718614719
#4997D4	#4997D4	0.787878787878788	0.196969696969697	1	0.772727272727273	0.803030303030303	0.175324675324675	0.218614718614719
#4B9BD9	#4B9BD9	0.818181818181818	0.196969696969697	1	0.803030303030303	0.833333333333333	0.175324675324675	0.218614718614719
#4D9FDF	#4D9FDF	0.818181818181818	0.196969696969697	1	0.803030303030303	0.833333333333333	0.175324675324675	0.218614718614719
#4D9FDF	#4D9FDF	0.818181818181818	0.196969696969697	1	0.803030303030303	0.833333333333333	0.175324675324675	0.218614718614719
#4D9FDF	#4D9FDF	0.848484848484849	0.196969696969697	1	0.833333333333333	0.863636363636364	0.175324675324675	0.218614718614719
#4FA4E5	#4FA4E5	0.848484848484849	0.196969696969697	1	0.833333333333333	0.863636363636364	0.175324675324675	0.218614718614719
#4FA4E5	#4FA4E5	0.848484848484849	0.196969696969697	1	0.833333333333333	0.863636363636364	0.175324675324675	0.218614718614719
#4FA4E5	#4FA4E5	0.878787878787879	0.196969696969697	1	0.863636363636364	0.893939393939394	0.175324675324675	0.218614718614719
#4FA4E5	#4FA4E5	0.878787878787879	0.196969696969697	1	0.863636363636364	0.893939393939394	0.175324675324675	0.218614718614719
#4FA4E5	#4FA4E5	0.878787878787879	0.196969696969697	1	0.863636363636364	0.893939393939394	0.175324675324675	0.218614718614719
#51A8EB	#51A8EB	0.909090909090909	0.196969696969697	1	0.893939393939394	0.924242424242424	0.175324675324675	0.218614718614719
#51A8EB	#51A8EB	0.909090909090909	0.196969696969697	1	0.893939393939394	0.924242424242424	0.175324675324675	0.218614718614719
#51A8EB	#51A8EB	0.909090909090909	0.196969696969697	1	0.893939393939394	0.924242424242424	0.175324675324675	0.218614718614719
#51A8EB	#51A8EB	0.939393939393939	0.196969696969697	1	0.924242424242424	0.954545454545455	0.175324675324675	0.218614718614719
#51A8EB	#51A8EB	0.0606060606060606	0.196969696969697	1	0.0454545454545455	0.0757575757575758	0.175324675324675	0.218614718614719
#51A8EB	#51A8EB	0.0606060606060606	0.196969696969697	1	0.0454545454545455	0.0757575757575758	0.175324675324675	0.218614718614719
#4FA4E5	#4FA4E5	0.0909090909090909	0.196969696969697	1	0.0757575757575758	0.106060606060606	0.175324675324675	0.218614718614719
#4FA4E5	#4FA4E5	0.0909090909090909	0.196969696969697	1	0.0757575757575758	0.106060606060606	0.175324675324675	0.218614718614719
#4FA4E5	#4FA4E5	0.0909090909090909	0.196969696969697	1	0.0757575757575758	0.106060606060606	0.175324675324675	0.218614718614719
#4FA4E5	#4FA4E5	0.121212121212121	0.196969696969697	1	0.106060606060606	0.136363636363636	0.175324675324675	0.218614718614719
#4D9FDF	#4D9FDF	0.121212121212121	0.196969696969697	1	0.106060606060606	0.136363636363636	0.175324675324675	0.218614718614719
#4D9FDF	#4D9FDF	0.121212121212121	0.196969696969697	1	0.106060606060606	0.136363636363636	0.175324675324675	0.218614718614719
#4D9FDF	#4D9FDF	0.151515151515152	0.196969696969697	1	0.136363636363636	0.166666666666667	0.175324675324675	0.218614718614719
#4B9BD9	#4B9BD9	0.151515151515152	0.196969696969697	1	0.136363636363636	0.166666666666667	0.175324675324675	0.218614718614719
#4B9BD9	#4B9BD9	0.151515151515152	0.196969696969697	1	0.136363636363636	0.166666666666667	0.175324675324675	0.218614718614719
#4793CE	#4793CE	0.181818181818182	0.196969696969697	1	0.166666666666667	0.196969696969697	0.175324675324675	0.218614718614719
#458EC9	#458EC9	0.181818181818182	0.196969696969697	1	0.166666666666667	0.196969696969697	0.175324675324675	0.218614718614719
#458EC9	#458EC9	0.181818181818182	0.196969696969697	1	0.166666666666667	0.196969696969697	0.175324675324675	0.218614718614719
#438AC3	#438AC3	0.212121212121212	0.196969696969697	1	0.196969696969697	0.227272727272727	0.175324675324675	0.218614718614719
#4086BE	#4086BE	0.212121212121212	0.196969696969697	1	0.196969696969697	0.227272727272727	0.175324675324675	0.218614718614719
#3E82B8	#3E82B8	0.212121212121212	0.196969696969697	1	0.196969696969697	0.227272727272727	0.175324675324675	0.218614718614719
#3E82B8	#3E82B8	0.242424242424242	0.196969696969697	1	0.227272727272727	0.257575757575758	0.175324675324675	0.218614718614719
#3C7EB3	#3C7EB3	0.242424242424242	0.196969696969697	1	0.227272727272727	0.257575757575758	0.175324675324675	0.218614718614719
#3A7AAD	#3A7AAD	0.242424242424242	0.196969696969697	1	0.227272727272727	0.257575757575758	0.175324675324675	0.218614718614719
#3876A8	#3876A8	0.272727272727273	0.196969696969697	1	0.257575757575758	0.287878787878788	0.175324675324675	0.218614718614719
#3672A2	#3672A2	0.272727272727273	0.196969696969697	1	0.257575757575758	0.287878787878788	0.175324675324675	0.218614718614719
#346E9D	#346E9D	0.272727272727273	0.196969696969697	1	0.257575757575758	0.287878787878788	0.175324675324675	0.218614718614719
#326A97	#326A97	0.303030303030303	0.196969696969697	1	0.287878787878788	0.318181818181818	0.175324675324675	0.218614718614719
#326A97	#326A97	0.303030303030303	0.196969696969697	1	0.287878787878788	0.318181818181818	0.175324675324675	0.218614718614719
#306692	#306692	0.303030303030303	0.196969696969697	1	0.287878787878788	0.318181818181818	0.175324675324675	0.218614718614719
#326A97	#326A97	0.333333333333333	0.196969696969697	1	0.318181818181818	0.348484848484849	0.175324675324675	0.218614718614719
#326A97	#326A97	0.333333333333333	0.196969696969697	1	0.318181818181818	0.348484848484849	0.175324675324675	0.218614718614719
#346E9D	#346E9D	0.333333333333333	0.196969696969697	1	0.318181818181818	0.348484848484849	0.175324675324675	0.218614718614719
#346E9D	#346E9D	0.363636363636364	0.196969696969697	1	0.348484848484849	0.378787878787879	0.175324675324675	0.218614718614719
#3672A2	#3672A2	0.363636363636364	0.196969696969697	1	0.348484848484849	0.378787878787879	0.175324675324675	0.218614718614719
#3876A8	#3876A8	0.363636363636364	0.196969696969697	1	0.348484848484849	0.378787878787879	0.175324675324675	0.218614718614719
#3A7AAD	#3A7AAD	0.393939393939394	0.196969696969697	1	0.378787878787879	0.409090909090909	0.175324675324675	0.218614718614719
#3C7EB3	#3C7EB3	0.393939393939394	0.196969696969697	1	0.378787878787879	0.409090909090909	0.175324675324675	0.218614718614719
#3E82B8	#3E82B8	0.393939393939394	0.196969696969697	1	0.378787878787879	0.409090909090909	0.175324675324675	0.218614718614719
#4086BE	#4086BE	0.424242424242424	0.196969696969697	1	0.409090909090909	0.439393939393939	0.175324675324675	0.218614718614719
#438AC3	#438AC3	0.424242424242424	0.196969696969697	1	0.409090909090909	0.439393939393939	0.175324675324675	0.218614718614719
#438AC3	#438AC3	0.424242424242424	0.196969696969697	1	0.409090909090909	0.439393939393939	0.175324675324675	0.218614718614719
#438AC3	#438AC3	0.454545454545455	0.196969696969697	1	0.439393939393939	0.46969696969697	0.175324675324675	0.218614718614719
#438AC3	#438AC3	0.454545454545455	0.196969696969697	1	0.439393939393939	0.46969696969697	0.175324675324675	0.218614718614719
#438AC3	#438AC3	0.454545454545455	0.196969696969697	1	0.439393939393939	0.46969696969697	0.175324675324675	0.218614718614719
#438AC3	#438AC3	0.484848484848485	0.196969696969697	1	0.46969696969697	0.5	0.175324675324675	0.218614718614719
#438AC3	#438AC3	0.484848484848485	0.196969696969697	1	0.46969696969697	0.5	0.175324675324675	0.218614718614719
#438AC3	#438AC3	0.484848484848485	0.196969696969697	1	0.46969696969697	0.5	0.175324675324675	0.218614718614719
#4086BE	#4086BE	0.515151515151515	0.196969696969697	1	0.5	0.53030303030303	0.175324675324675	0.218614718614719
#4086BE	#4086BE	0.515151515151515	0.196969696969697	1	0.5	0.53030303030303	0.175324675324675	0.218614718614719
#4086BE	#4086BE	0.515151515151515	0.196969696969697	1	0.5	0.53030303030303	0.175324675324675	0.218614718614719
#4086BE	#4086BE	0.545454545454545	0.196969696969697	1	0.53030303030303	0.560606060606061	0.175324675324675	0.218614718614719
#4086BE	#4086BE	0.545454545454545	0.196969696969697	1	0.53030303030303	0.560606060606061	0.175324675324675	0.218614718614719
#3E82B8	#3E82B8	0.545454545454545	0.196969696969697	1	0.53030303030303	0.560606060606061	0.175324675324675	0.218614718614719
#3E82B8	#3E82B8	0.575757575757576	0.196969696969697	1	0.560606060606061	0.590909090909091	0.175324675324675	0.218614718614719
#4086BE	#4086BE	0.575757575757576	0.196969696969697	1	0.560606060606061	0.590909090909091	0.175324675324675	0.218614718614719
#3E82B8	#3E82B8	0.575757575757576	0.196969696969697	1	0.560606060606061	0.590909090909091	0.175324675324675	0.218614718614719
#3E82B8	#3E82B8	0.606060606060606	0.196969696969697	1	0.590909090909091	0.621212121212121	0.175324675324675	0.218614718614719
#3E82B8	#3E82B8	0.606060606060606	0.196969696969697	1	0.590909090909091	0.621212121212121	0.175324675324675	0.218614718614719
#4086BE	#4086BE	0.606060606060606	0.196969696969697	1	0.590909090909091	0.621212121212121	0.175324675324675	0.218614718614719
#3E82B8	#3E82B8	0.636363636363636	0.196969696969697	1	0.621212121212121	0.651515151515151	0.175324675324675	0.218614718614719
#3E82B8	#3E82B8	0.636363636363636	0.196969696969697	1	0.621212121212121	0.651515151515151	0.175324675324675	0.218614718614719
#3E82B8	#3E82B8	0.636363636363636	0.196969696969697	1	0.621212121212121	0.651515151515151	0.175324675324675	0.218614718614719
#3E82B8	#3E82B8	0.666666666666667	0.196969696969697	1	0.651515151515151	0.681818181818182	0.175324675324675	0.218614718614719
#3C7EB3	#3C7EB3	0.666666666666667	0.196969696969697	1	0.651515151515151	0.681818181818182	0.175324675324675	0.218614718614719
#3C7EB3	#3C7EB3	0.666666666666667	0.196969696969697	1	0.651515151515151	0.681818181818182	0.175324675324675	0.218614718614719
#3E82B8	#3E82B8	0.696969696969697	0.196969696969697	1	0.681818181818182	0.712121212121212	0.175324675324675	0.218614718614719
#3E82B8	#3E82B8	0.696969696969697	0.196969696969697	1	0.681818181818182	0.712121212121212	0.175324675324675	0.218614718614719
#3E82B8	#3E82B8	0.696969696969697	0.196969696969697	1	0.681818181818182	0.712121212121212	0.175324675324675	0.218614718614719
#3E82B8	#3E82B8	0.727272727272727	0.196969696969697	1	0.712121212121212	0.742424242424242	0.175324675324675	0.218614718614719
#3E82B8	#3E82B8	0.727272727272727	0.196969696969697	1	0.712121212121212	0.742424242424242	0.175324675324675	0.218614718614719
#3E82B8	#3E82B8	0.727272727272727	0.196969696969697	1	0.712121212121212	0.742424242424242	0.175324675324675	0.218614718614719
#3E82B8	#3E82B8	0.757575757575758	0.196969696969697	1	0.742424242424242	0.772727272727273	0.175324675324675	0.218614718614719
#4086BE	#4086BE	0.757575757575758	0.196969696969697	1	0.742424242424242	0.772727272727273	0.175324675324675	0.218614718614719
#4086BE	#4086BE	0.757575757575758	0.196969696969697	1	0.742424242424242	0.772727272727273	0.175324675324675	0.218614718614719
#438AC3	#438AC3	0.787878787878788	0.196969696969697	1	0.772727272727273	0.803030303030303	0.175324675324675	0.218614718614719
#458EC9	#458EC9	0.787878787878788	0.196969696969697	1	0.772727272727273	0.803030303030303	0.175324675324675	0.218614718614719
#4793CE	#4793CE	0.787878787878788	0.196969696969697	1	0.772727272727273	0.803030303030303	0.175324675324675	0.218614718614719
#4B9BD9	#4B9BD9	0.818181818181818	0.196969696969697	1	0.803030303030303	0.833333333333333	0.175324675324675	0.218614718614719
#4B9BD9	#4B9BD9	0.818181818181818	0.196969696969697	1	0.803030303030303	0.833333333333333	0.175324675324675	0.218614718614719
#4D9FDF	#4D9FDF	0.818181818181818	0.196969696969697	1	0.803030303030303	0.833333333333333	0.175324675324675	0.218614718614719
#4D9FDF	#4D9FDF	0.848484848484849	0.196969696969697	1	0.833333333333333	0.863636363636364	0.175324675324675	0.218614718614719
#4D9FDF	#4D9FDF	0.848484848484849	0.196969696969697	1	0.833333333333333	0.863636363636364	0.175324675324675	0.218614718614719
#4FA4E5	#4FA4E5	0.848484848484849	0.196969696969697	1	0.833333333333333	0.863636363636364	0.175324675324675	0.218614718614719
#4FA4E5	#4FA4E5	0.878787878787879	0.196969696969697	1	0.863636363636364	0.893939393939394	0.175324675324675	0.218614718614719
#4FA4E5	#4FA4E5	0.878787878787879	0.196969696969697	1	0.863636363636364	0.893939393939394	0.175324675324675	0.218614718614719
#4FA4E5	#4FA4E5	0.878787878787879	0.196969696969697	1	0.863636363636364	0.893939393939394	0.175324675324675	0.218614718614719
#4FA4E5	#4FA4E5	0.909090909090909	0.196969696969697	1	0.893939393939394	0.924242424242424	0.175324675324675	0.218614718614719
#51A8EB	#51A8EB	0.909090909090909	0.196969696969697	1	0.893939393939394	0.924242424242424	0.175324675324675	0.218614718614719
#51A8EB	#51A8EB	0.909090909090909	0.196969696969697	1	0.893939393939394	0.924242424242424	0.175324675324675	0.218614718614719
#51A8EB	#51A8EB	0.939393939393939	0.196969696969697	1	0.924242424242424	0.954545454545455	0.175324675324675	0.218614718614719
#51A8EB	#51A8EB	0.0606060606060606	0.196969696969697	1	0.0454545454545455	0.0757575757575758	0.175324675324675	0.218614718614719
#4FA4E5	#4FA4E5	0.0606060606060606	0.196969696969697	1	0.0454545454545455	0.0757575757575758	0.175324675324675	0.218614718614719
#4FA4E5	#4FA4E5	0.0909090909090909	0.196969696969697	1	0.0757575757575758	0.106060606060606	0.175324675324675	0.218614718614719
#4FA4E5	#4FA4E5	0.0909090909090909	0.196969696969697	1	0.0757575757575758	0.106060606060606	0.175324675324675	0.218614718614719
#4FA4E5	#4FA4E5	0.0909090909090909	0.196969696969697	1	0.0757575757575758	0.106060606060606	0.175324675324675	0.218614718614719
#4FA4E5	#4FA4E5	0.121212121212121	0.196969696969697	1	0.106060606060606	0.136363636363636	0.175324675324675	0.218614718614719
#4D9FDF	#4D9FDF	0.121212121212121	0.196969696969697	1	0.106060606060606	0.136363636363636	0.175324675324675	0.218614718614719
#4D9FDF	#4D9FDF	0.121212121212121	0.196969696969697	1	0.106060606060606	0.136363636363636	0.175324675324675	0.218614718614719
#4B9BD9	#4B9BD9	0.151515151515152	0.196969696969697	1	0.136363636363636	0.166666666666667	0.175324675324675	0.218614718614719
#4B9BD9	#4B9BD9	0.151515151515152	0.196969696969697	1	0.136363636363636	0.166666666666667	0.175324675324675	0.218614718614719
#4997D4	#4997D4	0.151515151515152	0.196969696969697	1	0.136363636363636	0.166666666666667	0.175324675324675	0.218614718614719
#4793CE	#4793CE	0.181818181818182	0.196969696969697	1	0.166666666666667	0.196969696969697	0.175324675324675	0.218614718614719
#458EC9	#458EC9	0.181818181818182	0.196969696969697	1	0.166666666666667	0.196969696969697	0.175324675324675	0.218614718614719
#438AC3	#438AC3	0.181818181818182	0.196969696969697	1	0.166666666666667	0.196969696969697	0.175324675324675	0.218614718614719
#4086BE	#4086BE	0.212121212121212	0.196969696969697	1	0.196969696969697	0.227272727272727	0.175324675324675	0.218614718614719
#4086BE	#4086BE	0.212121212121212	0.196969696969697	1	0.196969696969697	0.227272727272727	0.175324675324675	0.218614718614719
#3E82B8	#3E82B8	0.212121212121212	0.196969696969697	1	0.196969696969697	0.227272727272727	0.175324675324675	0.218614718614719
#3C7EB3	#3C7EB3	0.242424242424242	0.196969696969697	1	0.227272727272727	0.257575757575758	0.175324675324675	0.218614718614719
#3A7AAD	#3A7AAD	0.242424242424242	0.196969696969697	1	0.227272727272727	0.257575757575758	0.175324675324675	0.218614718614719
#3876A8	#3876A8	0.242424242424242	0.196969696969697	1	0.227272727272727	0.257575757575758	0.175324675324675	0.218614718614719
#3876A8	#3876A8	0.272727272727273	0.196969696969697	1	0.257575757575758	0.287878787878788	0.175324675324675	0.218614718614719
#3672A2	#3672A2	0.272727272727273	0.196969696969697	1	0.257575757575758	0.287878787878788	0.175324675324675	0.218614718614719
#346E9D	#346E9D	0.272727272727273	0.196969696969697	1	0.257575757575758	0.287878787878788	0.175324675324675	0.218614718614719
#306692	#306692	0.303030303030303	0.196969696969697	1	0.287878787878788	0.318181818181818	0.175324675324675	0.218614718614719
#306692	#306692	0.303030303030303	0.196969696969697	1	0.287878787878788	0.318181818181818	0.175324675324675	0.218614718614719
#306692	#306692	0.303030303030303	0.196969696969697	1	0.287878787878788	0.318181818181818	0.175324675324675	0.218614718614719
#306692	#306692	0.333333333333333	0.196969696969697	1	0.318181818181818	0.348484848484849	0.175324675324675	0.218614718614719
#306692	#306692	0.333333333333333	0.196969696969697	1	0.318181818181818	0.348484848484849	0.175324675324675	0.218614718614719
#326A97	#326A97	0.333333333333333	0.196969696969697	1	0.318181818181818	0.348484848484849	0.175324675324675	0.218614718614719
#346E9D	#346E9D	0.363636363636364	0.196969696969697	1	0.348484848484849	0.378787878787879	0.175324675324675	0.218614718614719
#346E9D	#346E9D	0.363636363636364	0.196969696969697	1	0.348484848484849	0.378787878787879	0.175324675324675	0.218614718614719
#3672A2	#3672A2	0.363636363636364	0.196969696969697	1	0.348484848484849	0.378787878787879	0.175324675324675	0.218614718614719
#3876A8	#3876A8	0.393939393939394	0.196969696969697	1	0.378787878787879	0.409090909090909	0.175324675324675	0.218614718614719
#3A7AAD	#3A7AAD	0.393939393939394	0.196969696969697	1	0.378787878787879	0.409090909090909	0.175324675324675	0.218614718614719
#3C7EB3	#3C7EB3	0.393939393939394	0.196969696969697	1	0.378787878787879	0.409090909090909	0.175324675324675	0.218614718614719
#3E82B8	#3E82B8	0.424242424242424	0.196969696969697	1	0.409090909090909	0.439393939393939	0.175324675324675	0.218614718614719
#4086BE	#4086BE	0.424242424242424	0.196969696969697	1	0.409090909090909	0.439393939393939	0.175324675324675	0.218614718614719
#438AC3	#438AC3	0.424242424242424	0.196969696969697	1	0.409090909090909	0.439393939393939	0.175324675324675	0.218614718614719
#438AC3	#438AC3	0.454545454545455	0.196969696969697	1	0.439393939393939	0.46969696969697	0.175324675324675	0.218614718614719
#438AC3	#438AC3	0.454545454545455	0.196969696969697	1	0.439393939393939	0.46969696969697	0.175324675324675	0.218614718614719
#438AC3	#438AC3	0.454545454545455	0.196969696969697	1	0.439393939393939	0.46969696969697	0.175324675324675	0.218614718614719
#438AC3	#438AC3	0.484848484848485	0.196969696969697	1	0.46969696969697	0.5	0.175324675324675	0.218614718614719
#4086BE	#4086BE	0.484848484848485	0.196969696969697	1	0.46969696969697	0.5	0.175324675324675	0.218614718614719
#4086BE	#4086BE	0.484848484848485	0.196969696969697	1	0.46969696969697	0.5	0.175324675324675	0.218614718614719
#4086BE	#4086BE	0.515151515151515	0.196969696969697	1	0.5	0.53030303030303	0.175324675324675	0.218614718614719
#3E82B8	#3E82B8	0.515151515151515	0.196969696969697	1	0.5	0.53030303030303	0.175324675324675	0.218614718614719
#3E82B8	#3E82B8	0.515151515151515	0.196969696969697	1	0.5	0.53030303030303	0.175324675324675	0.218614718614719
#3E82B8	#3E82B8	0.545454545454545	0.196969696969697	1	0.53030303030303	0.560606060606061	0.175324675324675	0.218614718614719
#3E82B8	#3E82B8	0.545454545454545	0.196969696969697	1	0.53030303030303	0.560606060606061	0.175324675324675	0.218614718614719
#3E82B8	#3E82B8	0.545454545454545	0.196969696969697	1	0.53030303030303	0.560606060606061	0.175324675324675	0.218614718614719
#3E82B8	#3E82B8	0.575757575757576	0.196969696969697	1	0.560606060606061	0.590909090909091	0.175324675324675	0.218614718614719
#3E82B8	#3E82B8	0.575757575757576	0.196969696969697	1	0.560606060606061	0.590909090909091	0.175324675324675	0.218614718614719
#3C7EB3	#3C7EB3	0.575757575757576	0.196969696969697	1	0.560606060606061	0.590909090909091	0.175324675324675	0.218614718614719
#3C7EB3	#3C7EB3	0.606060606060606	0.196969696969697	1	0.590909090909091	0.621212121212121	0.175324675324675	0.218614718614719
#3C7EB3	#3C7EB3	0.606060606060606	0.196969696969697	1	0.590909090909091	0.621212121212121	0.175324675324675	0.218614718614719
#3C7EB3	#3C7EB3	0.606060606060606	0.196969696969697	1	0.590909090909091	0.621212121212121	0.175324675324675	0.218614718614719
#3C7EB3	#3C7EB3	0.636363636363636	0.196969696969697	1	0.621212121212121	0.651515151515151	0.175324675324675	0.218614718614719
#3A7AAD	#3A7AAD	0.636363636363636	0.196969696969697	1	0.621212121212121	0.651515151515151	0.175324675324675	0.218614718614719
#3A7AAD	#3A7AAD	0.636363636363636	0.196969696969697	1	0.621212121212121	0.651515151515151	0.175324675324675	0.218614718614719
#3A7AAD	#3A7AAD	0.666666666666667	0.196969696969697	1	0.651515151515151	0.681818181818182	0.175324675324675	0.218614718614719
#3A7AAD	#3A7AAD	0.666666666666667	0.196969696969697	1	0.651515151515151	0.681818181818182	0.175324675324675	0.218614718614719
#3A7AAD	#3A7AAD	0.666666666666667	0.196969696969697	1	0.651515151515151	0.681818181818182	0.175324675324675	0.218614718614719
#3A7AAD	#3A7AAD	0.696969696969697	0.196969696969697	1	0.681818181818182	0.712121212121212	0.175324675324675	0.218614718614719
#3A7AAD	#3A7AAD	0.696969696969697	0.196969696969697	1	0.681818181818182	0.712121212121212	0.175324675324675	0.218614718614719
#3C7EB3	#3C7EB3	0.696969696969697	0.196969696969697	1	0.681818181818182	0.712121212121212	0.175324675324675	0.218614718614719
#3C7EB3	#3C7EB3	0.727272727272727	0.196969696969697	1	0.712121212121212	0.742424242424242	0.175324675324675	0.218614718614719
#3C7EB3	#3C7EB3	0.727272727272727	0.196969696969697	1	0.712121212121212	0.742424242424242	0.175324675324675	0.218614718614719
#3C7EB3	#3C7EB3	0.727272727272727	0.196969696969697	1	0.712121212121212	0.742424242424242	0.175324675324675	0.218614718614719
#3E82B8	#3E82B8	0.757575757575758	0.196969696969697	1	0.742424242424242	0.772727272727273	0.175324675324675	0.218614718614719
#3E82B8	#3E82B8	0.757575757575758	0.196969696969697	1	0.742424242424242	0.772727272727273	0.175324675324675	0.218614718614719
#4086BE	#4086BE	0.757575757575758	0.196969696969697	1	0.742424242424242	0.772727272727273	0.175324675324675	0.218614718614719
#4086BE	#4086BE	0.787878787878788	0.196969696969697	1	0.772727272727273	0.803030303030303	0.175324675324675	0.218614718614719
#438AC3	#438AC3	0.787878787878788	0.196969696969697	1	0.772727272727273	0.803030303030303	0.175324675324675	0.218614718614719
#458EC9	#458EC9	0.787878787878788	0.196969696969697	1	0.772727272727273	0.803030303030303	0.175324675324675	0.218614718614719
#4997D4	#4997D4	0.818181818181818	0.196969696969697	1	0.803030303030303	0.833333333333333	0.175324675324675	0.218614718614719
#4B9BD9	#4B9BD9	0.818181818181818	0.196969696969697	1	0.803030303030303	0.833333333333333	0.175324675324675	0.218614718614719
#4B9BD9	#4B9BD9	0.818181818181818	0.196969696969697	1	0.803030303030303	0.833333333333333	0.175324675324675	0.218614718614719
#4D9FDF	#4D9FDF	0.848484848484849	0.196969696969697	1	0.833333333333333	0.863636363636364	0.175324675324675	0.218614718614719
#4D9FDF	#4D9FDF	0.848484848484849	0.196969696969697	1	0.833333333333333	0.863636363636364	0.175324675324675	0.218614718614719
#4FA4E5	#4FA4E5	0.848484848484849	0.196969696969697	1	0.833333333333333	0.863636363636364	0.175324675324675	0.218614718614719
#4FA4E5	#4FA4E5	0.878787878787879	0.196969696969697	1	0.863636363636364	0.893939393939394	0.175324675324675	0.218614718614719
#4FA4E5	#4FA4E5	0.878787878787879	0.196969696969697	1	0.863636363636364	0.893939393939394	0.175324675324675	0.218614718614719
#51A8EB	#51A8EB	0.878787878787879	0.196969696969697	1	0.863636363636364	0.893939393939394	0.175324675324675	0.218614718614719
#51A8EB	#51A8EB	0.909090909090909	0.196969696969697	1	0.893939393939394	0.924242424242424	0.175324675324675	0.218614718614719
#51A8EB	#51A8EB	0.909090909090909	0.196969696969697	1	0.893939393939394	0.924242424242424	0.175324675324675	0.218614718614719
#51A8EB	#51A8EB	0.909090909090909	0.196969696969697	1	0.893939393939394	0.924242424242424	0.175324675324675	0.218614718614719
#51A8EB	#51A8EB	0.939393939393939	0.196969696969697	1	0.924242424242424	0.954545454545455	0.175324675324675	0.218614718614719
#51A8EB	#51A8EB	0.0606060606060606	0.24025974025974	1	0.0454545454545455	0.0757575757575758	0.218614718614719	0.261904761904762
#4FA4E5	#4FA4E5	0.0606060606060606	0.24025974025974	1	0.0454545454545455	0.0757575757575758	0.218614718614719	0.261904761904762
#4FA4E5	#4FA4E5	0.0909090909090909	0.24025974025974	1	0.0757575757575758	0.106060606060606	0.218614718614719	0.261904761904762
#4FA4E5	#4FA4E5	0.0909090909090909	0.24025974025974	1	0.0757575757575758	0.106060606060606	0.218614718614719	0.261904761904762
#4FA4E5	#4FA4E5	0.0909090909090909	0.24025974025974	1	0.0757575757575758	0.106060606060606	0.218614718614719	0.261904761904762
#4D9FDF	#4D9FDF	0.121212121212121	0.24025974025974	1	0.106060606060606	0.136363636363636	0.218614718614719	0.261904761904762
#4D9FDF	#4D9FDF	0.121212121212121	0.24025974025974	1	0.106060606060606	0.136363636363636	0.218614718614719	0.261904761904762
#4D9FDF	#4D9FDF	0.121212121212121	0.24025974025974	1	0.106060606060606	0.136363636363636	0.218614718614719	0.261904761904762
#4B9BD9	#4B9BD9	0.151515151515152	0.24025974025974	1	0.136363636363636	0.166666666666667	0.218614718614719	0.261904761904762
#4B9BD9	#4B9BD9	0.151515151515152	0.24025974025974	1	0.136363636363636	0.166666666666667	0.218614718614719	0.261904761904762
#4793CE	#4793CE	0.151515151515152	0.24025974025974	1	0.136363636363636	0.166666666666667	0.218614718614719	0.261904761904762
#458EC9	#458EC9	0.181818181818182	0.24025974025974	1	0.166666666666667	0.196969696969697	0.218614718614719	0.261904761904762
#438AC3	#438AC3	0.181818181818182	0.24025974025974	1	0.166666666666667	0.196969696969697	0.218614718614719	0.261904761904762
#4086BE	#4086BE	0.181818181818182	0.24025974025974	1	0.166666666666667	0.196969696969697	0.218614718614719	0.261904761904762
#3E82B8	#3E82B8	0.212121212121212	0.24025974025974	1	0.196969696969697	0.227272727272727	0.218614718614719	0.261904761904762
#3E82B8	#3E82B8	0.212121212121212	0.24025974025974	1	0.196969696969697	0.227272727272727	0.218614718614719	0.261904761904762
#3C7EB3	#3C7EB3	0.212121212121212	0.24025974025974	1	0.196969696969697	0.227272727272727	0.218614718614719	0.261904761904762
#3A7AAD	#3A7AAD	0.242424242424242	0.24025974025974	1	0.227272727272727	0.257575757575758	0.218614718614719	0.261904761904762
#3A7AAD	#3A7AAD	0.242424242424242	0.24025974025974	1	0.227272727272727	0.257575757575758	0.218614718614719	0.261904761904762
#3876A8	#3876A8	0.242424242424242	0.24025974025974	1	0.227272727272727	0.257575757575758	0.218614718614719	0.261904761904762
#3672A2	#3672A2	0.272727272727273	0.24025974025974	1	0.257575757575758	0.287878787878788	0.218614718614719	0.261904761904762
#346E9D	#346E9D	0.272727272727273	0.24025974025974	1	0.257575757575758	0.287878787878788	0.218614718614719	0.261904761904762
#306692	#306692	0.272727272727273	0.24025974025974	1	0.257575757575758	0.287878787878788	0.218614718614719	0.261904761904762
#306692	#306692	0.303030303030303	0.24025974025974	1	0.287878787878788	0.318181818181818	0.218614718614719	0.261904761904762
#2E628D	#2E628D	0.303030303030303	0.24025974025974	1	0.287878787878788	0.318181818181818	0.218614718614719	0.261904761904762
#2E628D	#2E628D	0.303030303030303	0.24025974025974	1	0.287878787878788	0.318181818181818	0.218614718614719	0.261904761904762
#2E628D	#2E628D	0.333333333333333	0.24025974025974	1	0.318181818181818	0.348484848484849	0.218614718614719	0.261904761904762
#306692	#306692	0.333333333333333	0.24025974025974	1	0.318181818181818	0.348484848484849	0.218614718614719	0.261904761904762
#306692	#306692	0.333333333333333	0.24025974025974	1	0.318181818181818	0.348484848484849	0.218614718614719	0.261904761904762
#326A97	#326A97	0.363636363636364	0.24025974025974	1	0.348484848484849	0.378787878787879	0.218614718614719	0.261904761904762
#346E9D	#346E9D	0.363636363636364	0.24025974025974	1	0.348484848484849	0.378787878787879	0.218614718614719	0.261904761904762
#346E9D	#346E9D	0.363636363636364	0.24025974025974	1	0.348484848484849	0.378787878787879	0.218614718614719	0.261904761904762
#3672A2	#3672A2	0.393939393939394	0.24025974025974	1	0.378787878787879	0.409090909090909	0.218614718614719	0.261904761904762
#3876A8	#3876A8	0.393939393939394	0.24025974025974	1	0.378787878787879	0.409090909090909	0.218614718614719	0.261904761904762
#3A7AAD	#3A7AAD	0.393939393939394	0.24025974025974	1	0.378787878787879	0.409090909090909	0.218614718614719	0.261904761904762
#3C7EB3	#3C7EB3	0.424242424242424	0.24025974025974	1	0.409090909090909	0.439393939393939	0.218614718614719	0.261904761904762
#3E82B8	#3E82B8	0.424242424242424	0.24025974025974	1	0.409090909090909	0.439393939393939	0.218614718614719	0.261904761904762
#3E82B8	#3E82B8	0.424242424242424	0.24025974025974	1	0.409090909090909	0.439393939393939	0.218614718614719	0.261904761904762
#4086BE	#4086BE	0.454545454545455	0.24025974025974	1	0.439393939393939	0.46969696969697	0.218614718614719	0.261904761904762
#4086BE	#4086BE	0.454545454545455	0.24025974025974	1	0.439393939393939	0.46969696969697	0.218614718614719	0.261904761904762
#4086BE	#4086BE	0.454545454545455	0.24025974025974	1	0.439393939393939	0.46969696969697	0.218614718614719	0.261904761904762
#3E82B8	#3E82B8	0.484848484848485	0.24025974025974	1	0.46969696969697	0.5	0.218614718614719	0.261904761904762
#3E82B8	#3E82B8	0.484848484848485	0.24025974025974	1	0.46969696969697	0.5	0.218614718614719	0.261904761904762
#3E82B8	#3E82B8	0.484848484848485	0.24025974025974	1	0.46969696969697	0.5	0.218614718614719	0.261904761904762
#3E82B8	#3E82B8	0.515151515151515	0.24025974025974	1	0.5	0.53030303030303	0.218614718614719	0.261904761904762
#3E82B8	#3E82B8	0.515151515151515	0.24025974025974	1	0.5	0.53030303030303	0.218614718614719	0.261904761904762
#3C7EB3	#3C7EB3	0.515151515151515	0.24025974025974	1	0.5	0.53030303030303	0.218614718614719	0.261904761904762
#3C7EB3	#3C7EB3	0.545454545454545	0.24025974025974	1	0.53030303030303	0.560606060606061	0.218614718614719	0.261904761904762
#3C7EB3	#3C7EB3	0.545454545454545	0.24025974025974	1	0.53030303030303	0.560606060606061	0.218614718614719	0.261904761904762
#3C7EB3	#3C7EB3	0.545454545454545	0.24025974025974	1	0.53030303030303	0.560606060606061	0.218614718614719	0.261904761904762
#3C7EB3	#3C7EB3	0.575757575757576	0.24025974025974	1	0.560606060606061	0.590909090909091	0.218614718614719	0.261904761904762
#3C7EB3	#3C7EB3	0.575757575757576	0.24025974025974	1	0.560606060606061	0.590909090909091	0.218614718614719	0.261904761904762
#3A7AAD	#3A7AAD	0.575757575757576	0.24025974025974	1	0.560606060606061	0.590909090909091	0.218614718614719	0.261904761904762
#3A7AAD	#3A7AAD	0.606060606060606	0.24025974025974	1	0.590909090909091	0.621212121212121	0.218614718614719	0.261904761904762
#3A7AAD	#3A7AAD	0.606060606060606	0.24025974025974	1	0.590909090909091	0.621212121212121	0.218614718614719	0.261904761904762
#3A7AAD	#3A7AAD	0.606060606060606	0.24025974025974	1	0.590909090909091	0.621212121212121	0.218614718614719	0.261904761904762
#3876A8	#3876A8	0.636363636363636	0.24025974025974	1	0.621212121212121	0.651515151515151	0.218614718614719	0.261904761904762
#3876A8	#3876A8	0.636363636363636	0.24025974025974	1	0.621212121212121	0.651515151515151	0.218614718614719	0.261904761904762
#3876A8	#3876A8	0.636363636363636	0.24025974025974	1	0.621212121212121	0.651515151515151	0.218614718614719	0.261904761904762
#3876A8	#3876A8	0.666666666666667	0.24025974025974	1	0.651515151515151	0.681818181818182	0.218614718614719	0.261904761904762
#3876A8	#3876A8	0.666666666666667	0.24025974025974	1	0.651515151515151	0.681818181818182	0.218614718614719	0.261904761904762
#3876A8	#3876A8	0.666666666666667	0.24025974025974	1	0.651515151515151	0.681818181818182	0.218614718614719	0.261904761904762
#3876A8	#3876A8	0.696969696969697	0.24025974025974	1	0.681818181818182	0.712121212121212	0.218614718614719	0.261904761904762
#3876A8	#3876A8	0.696969696969697	0.24025974025974	1	0.681818181818182	0.712121212121212	0.218614718614719	0.261904761904762
#3876A8	#3876A8	0.696969696969697	0.24025974025974	1	0.681818181818182	0.712121212121212	0.218614718614719	0.261904761904762
#3A7AAD	#3A7AAD	0.727272727272727	0.24025974025974	1	0.712121212121212	0.742424242424242	0.218614718614719	0.261904761904762
#3A7AAD	#3A7AAD	0.727272727272727	0.24025974025974	1	0.712121212121212	0.742424242424242	0.218614718614719	0.261904761904762
#3C7EB3	#3C7EB3	0.727272727272727	0.24025974025974	1	0.712121212121212	0.742424242424242	0.218614718614719	0.261904761904762
#3C7EB3	#3C7EB3	0.757575757575758	0.24025974025974	1	0.742424242424242	0.772727272727273	0.218614718614719	0.261904761904762
#3E82B8	#3E82B8	0.757575757575758	0.24025974025974	1	0.742424242424242	0.772727272727273	0.218614718614719	0.261904761904762
#3E82B8	#3E82B8	0.757575757575758	0.24025974025974	1	0.742424242424242	0.772727272727273	0.218614718614719	0.261904761904762
#3E82B8	#3E82B8	0.787878787878788	0.24025974025974	1	0.772727272727273	0.803030303030303	0.218614718614719	0.261904761904762
#4086BE	#4086BE	0.787878787878788	0.24025974025974	1	0.772727272727273	0.803030303030303	0.218614718614719	0.261904761904762
#458EC9	#458EC9	0.787878787878788	0.24025974025974	1	0.772727272727273	0.803030303030303	0.218614718614719	0.261904761904762
#4793CE	#4793CE	0.818181818181818	0.24025974025974	1	0.803030303030303	0.833333333333333	0.218614718614719	0.261904761904762
#4997D4	#4997D4	0.818181818181818	0.24025974025974	1	0.803030303030303	0.833333333333333	0.218614718614719	0.261904761904762
#4B9BD9	#4B9BD9	0.818181818181818	0.24025974025974	1	0.803030303030303	0.833333333333333	0.218614718614719	0.261904761904762
#4D9FDF	#4D9FDF	0.848484848484849	0.24025974025974	1	0.833333333333333	0.863636363636364	0.218614718614719	0.261904761904762
#4D9FDF	#4D9FDF	0.848484848484849	0.24025974025974	1	0.833333333333333	0.863636363636364	0.218614718614719	0.261904761904762
#4FA4E5	#4FA4E5	0.848484848484849	0.24025974025974	1	0.833333333333333	0.863636363636364	0.218614718614719	0.261904761904762
#4FA4E5	#4FA4E5	0.878787878787879	0.24025974025974	1	0.863636363636364	0.893939393939394	0.218614718614719	0.261904761904762
#4FA4E5	#4FA4E5	0.878787878787879	0.24025974025974	1	0.863636363636364	0.893939393939394	0.218614718614719	0.261904761904762
#51A8EB	#51A8EB	0.878787878787879	0.24025974025974	1	0.863636363636364	0.893939393939394	0.218614718614719	0.261904761904762
#51A8EB	#51A8EB	0.909090909090909	0.24025974025974	1	0.893939393939394	0.924242424242424	0.218614718614719	0.261904761904762
#51A8EB	#51A8EB	0.909090909090909	0.24025974025974	1	0.893939393939394	0.924242424242424	0.218614718614719	0.261904761904762
#51A8EB	#51A8EB	0.909090909090909	0.24025974025974	1	0.893939393939394	0.924242424242424	0.218614718614719	0.261904761904762
#51A8EB	#51A8EB	0.939393939393939	0.24025974025974	1	0.924242424242424	0.954545454545455	0.218614718614719	0.261904761904762
#4FA4E5	#4FA4E5	0.0606060606060606	0.24025974025974	1	0.0454545454545455	0.0757575757575758	0.218614718614719	0.261904761904762
#4FA4E5	#4FA4E5	0.0606060606060606	0.24025974025974	1	0.0454545454545455	0.0757575757575758	0.218614718614719	0.261904761904762
#4FA4E5	#4FA4E5	0.0909090909090909	0.24025974025974	1	0.0757575757575758	0.106060606060606	0.218614718614719	0.261904761904762
#4FA4E5	#4FA4E5	0.0909090909090909	0.24025974025974	1	0.0757575757575758	0.106060606060606	0.218614718614719	0.261904761904762
#4D9FDF	#4D9FDF	0.0909090909090909	0.24025974025974	1	0.0757575757575758	0.106060606060606	0.218614718614719	0.261904761904762
#4D9FDF	#4D9FDF	0.121212121212121	0.24025974025974	1	0.106060606060606	0.136363636363636	0.218614718614719	0.261904761904762
#4D9FDF	#4D9FDF	0.121212121212121	0.24025974025974	1	0.106060606060606	0.136363636363636	0.218614718614719	0.261904761904762
#4B9BD9	#4B9BD9	0.121212121212121	0.24025974025974	1	0.106060606060606	0.136363636363636	0.218614718614719	0.261904761904762
#4B9BD9	#4B9BD9	0.151515151515152	0.24025974025974	1	0.136363636363636	0.166666666666667	0.218614718614719	0.261904761904762
#4997D4	#4997D4	0.151515151515152	0.24025974025974	1	0.136363636363636	0.166666666666667	0.218614718614719	0.261904761904762
#458EC9	#458EC9	0.151515151515152	0.24025974025974	1	0.136363636363636	0.166666666666667	0.218614718614719	0.261904761904762
#438AC3	#438AC3	0.181818181818182	0.24025974025974	1	0.166666666666667	0.196969696969697	0.218614718614719	0.261904761904762
#4086BE	#4086BE	0.181818181818182	0.24025974025974	1	0.166666666666667	0.196969696969697	0.218614718614719	0.261904761904762
#3E82B8	#3E82B8	0.181818181818182	0.24025974025974	1	0.166666666666667	0.196969696969697	0.218614718614719	0.261904761904762
#3E82B8	#3E82B8	0.212121212121212	0.24025974025974	1	0.196969696969697	0.227272727272727	0.218614718614719	0.261904761904762
#3C7EB3	#3C7EB3	0.212121212121212	0.24025974025974	1	0.196969696969697	0.227272727272727	0.218614718614719	0.261904761904762
#3A7AAD	#3A7AAD	0.212121212121212	0.24025974025974	1	0.196969696969697	0.227272727272727	0.218614718614719	0.261904761904762
#3A7AAD	#3A7AAD	0.242424242424242	0.24025974025974	1	0.227272727272727	0.257575757575758	0.218614718614719	0.261904761904762
#3876A8	#3876A8	0.242424242424242	0.24025974025974	1	0.227272727272727	0.257575757575758	0.218614718614719	0.261904761904762
#3672A2	#3672A2	0.242424242424242	0.24025974025974	1	0.227272727272727	0.257575757575758	0.218614718614719	0.261904761904762
#346E9D	#346E9D	0.272727272727273	0.24025974025974	1	0.257575757575758	0.287878787878788	0.218614718614719	0.261904761904762
#306692	#306692	0.272727272727273	0.24025974025974	1	0.257575757575758	0.287878787878788	0.218614718614719	0.261904761904762
#2E628D	#2E628D	0.272727272727273	0.24025974025974	1	0.257575757575758	0.287878787878788	0.218614718614719	0.261904761904762
#2C5E88	#2C5E88	0.303030303030303	0.24025974025974	1	0.287878787878788	0.318181818181818	0.218614718614719	0.261904761904762
#2C5E88	#2C5E88	0.303030303030303	0.24025974025974	1	0.287878787878788	0.318181818181818	0.218614718614719	0.261904761904762
#2C5E88	#2C5E88	0.303030303030303	0.24025974025974	1	0.287878787878788	0.318181818181818	0.218614718614719	0.261904761904762
#2C5E88	#2C5E88	0.333333333333333	0.24025974025974	1	0.318181818181818	0.348484848484849	0.218614718614719	0.261904761904762
#2E628D	#2E628D	0.333333333333333	0.24025974025974	1	0.318181818181818	0.348484848484849	0.218614718614719	0.261904761904762
#306692	#306692	0.333333333333333	0.24025974025974	1	0.318181818181818	0.348484848484849	0.218614718614719	0.261904761904762
#306692	#306692	0.363636363636364	0.24025974025974	1	0.348484848484849	0.378787878787879	0.218614718614719	0.261904761904762
#326A97	#326A97	0.363636363636364	0.24025974025974	1	0.348484848484849	0.378787878787879	0.218614718614719	0.261904761904762
#346E9D	#346E9D	0.363636363636364	0.24025974025974	1	0.348484848484849	0.378787878787879	0.218614718614719	0.261904761904762
#346E9D	#346E9D	0.393939393939394	0.24025974025974	1	0.378787878787879	0.409090909090909	0.218614718614719	0.261904761904762
#3672A2	#3672A2	0.393939393939394	0.24025974025974	1	0.378787878787879	0.409090909090909	0.218614718614719	0.261904761904762
#3876A8	#3876A8	0.393939393939394	0.24025974025974	1	0.378787878787879	0.409090909090909	0.218614718614719	0.261904761904762
#3876A8	#3876A8	0.424242424242424	0.24025974025974	1	0.409090909090909	0.439393939393939	0.218614718614719	0.261904761904762
#3A7AAD	#3A7AAD	0.424242424242424	0.24025974025974	1	0.409090909090909	0.439393939393939	0.218614718614719	0.261904761904762
#3C7EB3	#3C7EB3	0.424242424242424	0.24025974025974	1	0.409090909090909	0.439393939393939	0.218614718614719	0.261904761904762
#3E82B8	#3E82B8	0.454545454545455	0.24025974025974	1	0.439393939393939	0.46969696969697	0.218614718614719	0.261904761904762
#3E82B8	#3E82B8	0.454545454545455	0.24025974025974	1	0.439393939393939	0.46969696969697	0.218614718614719	0.261904761904762
#3E82B8	#3E82B8	0.454545454545455	0.24025974025974	1	0.439393939393939	0.46969696969697	0.218614718614719	0.261904761904762
#3C7EB3	#3C7EB3	0.484848484848485	0.24025974025974	1	0.46969696969697	0.5	0.218614718614719	0.261904761904762
#3C7EB3	#3C7EB3	0.484848484848485	0.24025974025974	1	0.46969696969697	0.5	0.218614718614719	0.261904761904762
#3C7EB3	#3C7EB3	0.484848484848485	0.24025974025974	1	0.46969696969697	0.5	0.218614718614719	0.261904761904762
#3C7EB3	#3C7EB3	0.515151515151515	0.24025974025974	1	0.5	0.53030303030303	0.218614718614719	0.261904761904762
#3C7EB3	#3C7EB3	0.515151515151515	0.24025974025974	1	0.5	0.53030303030303	0.218614718614719	0.261904761904762
#3A7AAD	#3A7AAD	0.515151515151515	0.24025974025974	1	0.5	0.53030303030303	0.218614718614719	0.261904761904762
#3A7AAD	#3A7AAD	0.545454545454545	0.24025974025974	1	0.53030303030303	0.560606060606061	0.218614718614719	0.261904761904762
#3A7AAD	#3A7AAD	0.545454545454545	0.24025974025974	1	0.53030303030303	0.560606060606061	0.218614718614719	0.261904761904762
#3A7AAD	#3A7AAD	0.545454545454545	0.24025974025974	1	0.53030303030303	0.560606060606061	0.218614718614719	0.261904761904762
#3A7AAD	#3A7AAD	0.575757575757576	0.24025974025974	1	0.560606060606061	0.590909090909091	0.218614718614719	0.261904761904762
#3A7AAD	#3A7AAD	0.575757575757576	0.24025974025974	1	0.560606060606061	0.590909090909091	0.218614718614719	0.261904761904762
#3876A8	#3876A8	0.575757575757576	0.24025974025974	1	0.560606060606061	0.590909090909091	0.218614718614719	0.261904761904762
#3876A8	#3876A8	0.606060606060606	0.24025974025974	1	0.590909090909091	0.621212121212121	0.218614718614719	0.261904761904762
#3876A8	#3876A8	0.606060606060606	0.24025974025974	1	0.590909090909091	0.621212121212121	0.218614718614719	0.261904761904762
#3876A8	#3876A8	0.606060606060606	0.24025974025974	1	0.590909090909091	0.621212121212121	0.218614718614719	0.261904761904762
#3672A2	#3672A2	0.636363636363636	0.24025974025974	1	0.621212121212121	0.651515151515151	0.218614718614719	0.261904761904762
#3672A2	#3672A2	0.636363636363636	0.24025974025974	1	0.621212121212121	0.651515151515151	0.218614718614719	0.261904761904762
#3672A2	#3672A2	0.636363636363636	0.24025974025974	1	0.621212121212121	0.651515151515151	0.218614718614719	0.261904761904762
#3672A2	#3672A2	0.666666666666667	0.24025974025974	1	0.651515151515151	0.681818181818182	0.218614718614719	0.261904761904762
#3672A2	#3672A2	0.666666666666667	0.24025974025974	1	0.651515151515151	0.681818181818182	0.218614718614719	0.261904761904762
#3672A2	#3672A2	0.666666666666667	0.24025974025974	1	0.651515151515151	0.681818181818182	0.218614718614719	0.261904761904762
#3672A2	#3672A2	0.696969696969697	0.24025974025974	1	0.681818181818182	0.712121212121212	0.218614718614719	0.261904761904762
#3672A2	#3672A2	0.696969696969697	0.24025974025974	1	0.681818181818182	0.712121212121212	0.218614718614719	0.261904761904762
#3672A2	#3672A2	0.696969696969697	0.24025974025974	1	0.681818181818182	0.712121212121212	0.218614718614719	0.261904761904762
#3876A8	#3876A8	0.727272727272727	0.24025974025974	1	0.712121212121212	0.742424242424242	0.218614718614719	0.261904761904762
#3876A8	#3876A8	0.727272727272727	0.24025974025974	1	0.712121212121212	0.742424242424242	0.218614718614719	0.261904761904762
#3876A8	#3876A8	0.727272727272727	0.24025974025974	1	0.712121212121212	0.742424242424242	0.218614718614719	0.261904761904762
#3A7AAD	#3A7AAD	0.757575757575758	0.24025974025974	1	0.742424242424242	0.772727272727273	0.218614718614719	0.261904761904762
#3C7EB3	#3C7EB3	0.757575757575758	0.24025974025974	1	0.742424242424242	0.772727272727273	0.218614718614719	0.261904761904762
#3C7EB3	#3C7EB3	0.757575757575758	0.24025974025974	1	0.742424242424242	0.772727272727273	0.218614718614719	0.261904761904762
#3E82B8	#3E82B8	0.787878787878788	0.24025974025974	1	0.772727272727273	0.803030303030303	0.218614718614719	0.261904761904762
#4086BE	#4086BE	0.787878787878788	0.24025974025974	1	0.772727272727273	0.803030303030303	0.218614718614719	0.261904761904762
#438AC3	#438AC3	0.787878787878788	0.24025974025974	1	0.772727272727273	0.803030303030303	0.218614718614719	0.261904761904762
#4793CE	#4793CE	0.818181818181818	0.24025974025974	1	0.803030303030303	0.833333333333333	0.218614718614719	0.261904761904762
#4997D4	#4997D4	0.818181818181818	0.24025974025974	1	0.803030303030303	0.833333333333333	0.218614718614719	0.261904761904762
#4B9BD9	#4B9BD9	0.818181818181818	0.24025974025974	1	0.803030303030303	0.833333333333333	0.218614718614719	0.261904761904762
#4D9FDF	#4D9FDF	0.848484848484849	0.24025974025974	1	0.833333333333333	0.863636363636364	0.218614718614719	0.261904761904762
#4D9FDF	#4D9FDF	0.848484848484849	0.24025974025974	1	0.833333333333333	0.863636363636364	0.218614718614719	0.261904761904762
#4FA4E5	#4FA4E5	0.848484848484849	0.24025974025974	1	0.833333333333333	0.863636363636364	0.218614718614719	0.261904761904762
#4FA4E5	#4FA4E5	0.878787878787879	0.24025974025974	1	0.863636363636364	0.893939393939394	0.218614718614719	0.261904761904762
#51A8EB	#51A8EB	0.878787878787879	0.24025974025974	1	0.863636363636364	0.893939393939394	0.218614718614719	0.261904761904762
#51A8EB	#51A8EB	0.878787878787879	0.24025974025974	1	0.863636363636364	0.893939393939394	0.218614718614719	0.261904761904762
#51A8EB	#51A8EB	0.909090909090909	0.24025974025974	1	0.893939393939394	0.924242424242424	0.218614718614719	0.261904761904762
#51A8EB	#51A8EB	0.909090909090909	0.24025974025974	1	0.893939393939394	0.924242424242424	0.218614718614719	0.261904761904762
#51A8EB	#51A8EB	0.909090909090909	0.24025974025974	1	0.893939393939394	0.924242424242424	0.218614718614719	0.261904761904762
#51A8EB	#51A8EB	0.939393939393939	0.24025974025974	1	0.924242424242424	0.954545454545455	0.218614718614719	0.261904761904762
#4FA4E5	#4FA4E5	0.0606060606060606	0.24025974025974	1	0.0454545454545455	0.0757575757575758	0.218614718614719	0.261904761904762
#4FA4E5	#4FA4E5	0.0606060606060606	0.24025974025974	1	0.0454545454545455	0.0757575757575758	0.218614718614719	0.261904761904762
#4FA4E5	#4FA4E5	0.0909090909090909	0.24025974025974	1	0.0757575757575758	0.106060606060606	0.218614718614719	0.261904761904762
#4FA4E5	#4FA4E5	0.0909090909090909	0.24025974025974	1	0.0757575757575758	0.106060606060606	0.218614718614719	0.261904761904762
#4D9FDF	#4D9FDF	0.0909090909090909	0.24025974025974	1	0.0757575757575758	0.106060606060606	0.218614718614719	0.261904761904762
#4D9FDF	#4D9FDF	0.121212121212121	0.24025974025974	1	0.106060606060606	0.136363636363636	0.218614718614719	0.261904761904762
#4D9FDF	#4D9FDF	0.121212121212121	0.24025974025974	1	0.106060606060606	0.136363636363636	0.218614718614719	0.261904761904762
#4B9BD9	#4B9BD9	0.121212121212121	0.24025974025974	1	0.106060606060606	0.136363636363636	0.218614718614719	0.261904761904762
#4997D4	#4997D4	0.151515151515152	0.24025974025974	1	0.136363636363636	0.166666666666667	0.218614718614719	0.261904761904762
#4793CE	#4793CE	0.151515151515152	0.24025974025974	1	0.136363636363636	0.166666666666667	0.218614718614719	0.261904761904762
#438AC3	#438AC3	0.151515151515152	0.24025974025974	1	0.136363636363636	0.166666666666667	0.218614718614719	0.261904761904762
#4086BE	#4086BE	0.181818181818182	0.24025974025974	1	0.166666666666667	0.196969696969697	0.218614718614719	0.261904761904762
#3E82B8	#3E82B8	0.181818181818182	0.24025974025974	1	0.166666666666667	0.196969696969697	0.218614718614719	0.261904761904762
#3E82B8	#3E82B8	0.181818181818182	0.24025974025974	1	0.166666666666667	0.196969696969697	0.218614718614719	0.261904761904762
#3C7EB3	#3C7EB3	0.212121212121212	0.24025974025974	1	0.196969696969697	0.227272727272727	0.218614718614719	0.261904761904762
#3A7AAD	#3A7AAD	0.212121212121212	0.24025974025974	1	0.196969696969697	0.227272727272727	0.218614718614719	0.261904761904762
#3876A8	#3876A8	0.212121212121212	0.24025974025974	1	0.196969696969697	0.227272727272727	0.218614718614719	0.261904761904762
#3876A8	#3876A8	0.242424242424242	0.24025974025974	1	0.227272727272727	0.257575757575758	0.218614718614719	0.261904761904762
#3672A2	#3672A2	0.242424242424242	0.24025974025974	1	0.227272727272727	0.257575757575758	0.218614718614719	0.261904761904762
#346E9D	#346E9D	0.242424242424242	0.24025974025974	1	0.227272727272727	0.257575757575758	0.218614718614719	0.261904761904762
#306692	#306692	0.272727272727273	0.24025974025974	1	0.257575757575758	0.287878787878788	0.218614718614719	0.261904761904762
#2E628D	#2E628D	0.272727272727273	0.24025974025974	1	0.257575757575758	0.287878787878788	0.218614718614719	0.261904761904762
#2A5A82	#2A5A82	0.272727272727273	0.24025974025974	1	0.257575757575758	0.287878787878788	0.218614718614719	0.261904761904762
#2A5A82	#2A5A82	0.303030303030303	0.24025974025974	1	0.287878787878788	0.318181818181818	0.218614718614719	0.261904761904762
#2A5A82	#2A5A82	0.303030303030303	0.24025974025974	1	0.287878787878788	0.318181818181818	0.218614718614719	0.261904761904762
#2A5A82	#2A5A82	0.303030303030303	0.24025974025974	1	0.287878787878788	0.318181818181818	0.218614718614719	0.261904761904762
#2A5A82	#2A5A82	0.333333333333333	0.24025974025974	1	0.318181818181818	0.348484848484849	0.218614718614719	0.261904761904762
#2C5E88	#2C5E88	0.333333333333333	0.24025974025974	1	0.318181818181818	0.348484848484849	0.218614718614719	0.261904761904762
#2C5E88	#2C5E88	0.333333333333333	0.24025974025974	1	0.318181818181818	0.348484848484849	0.218614718614719	0.261904761904762
#2E628D	#2E628D	0.363636363636364	0.24025974025974	1	0.348484848484849	0.378787878787879	0.218614718614719	0.261904761904762
#306692	#306692	0.363636363636364	0.24025974025974	1	0.348484848484849	0.378787878787879	0.218614718614719	0.261904761904762
#326A97	#326A97	0.363636363636364	0.24025974025974	1	0.348484848484849	0.378787878787879	0.218614718614719	0.261904761904762
#346E9D	#346E9D	0.393939393939394	0.24025974025974	1	0.378787878787879	0.409090909090909	0.218614718614719	0.261904761904762
#346E9D	#346E9D	0.393939393939394	0.24025974025974	1	0.378787878787879	0.409090909090909	0.218614718614719	0.261904761904762
#346E9D	#346E9D	0.393939393939394	0.24025974025974	1	0.378787878787879	0.409090909090909	0.218614718614719	0.261904761904762
#3672A2	#3672A2	0.424242424242424	0.24025974025974	1	0.409090909090909	0.439393939393939	0.218614718614719	0.261904761904762
#3672A2	#3672A2	0.424242424242424	0.24025974025974	1	0.409090909090909	0.439393939393939	0.218614718614719	0.261904761904762
#3876A8	#3876A8	0.424242424242424	0.24025974025974	1	0.409090909090909	0.439393939393939	0.218614718614719	0.261904761904762
#3A7AAD	#3A7AAD	0.454545454545455	0.24025974025974	1	0.439393939393939	0.46969696969697	0.218614718614719	0.261904761904762
#3A7AAD	#3A7AAD	0.454545454545455	0.24025974025974	1	0.439393939393939	0.46969696969697	0.218614718614719	0.261904761904762
#3A7AAD	#3A7AAD	0.454545454545455	0.24025974025974	1	0.439393939393939	0.46969696969697	0.218614718614719	0.261904761904762
#3A7AAD	#3A7AAD	0.484848484848485	0.24025974025974	1	0.46969696969697	0.5	0.218614718614719	0.261904761904762
#3A7AAD	#3A7AAD	0.484848484848485	0.24025974025974	1	0.46969696969697	0.5	0.218614718614719	0.261904761904762
#3A7AAD	#3A7AAD	0.484848484848485	0.24025974025974	1	0.46969696969697	0.5	0.218614718614719	0.261904761904762
#3A7AAD	#3A7AAD	0.515151515151515	0.24025974025974	1	0.5	0.53030303030303	0.218614718614719	0.261904761904762
#3876A8	#3876A8	0.515151515151515	0.24025974025974	1	0.5	0.53030303030303	0.218614718614719	0.261904761904762
#3876A8	#3876A8	0.515151515151515	0.24025974025974	1	0.5	0.53030303030303	0.218614718614719	0.261904761904762
#3876A8	#3876A8	0.545454545454545	0.24025974025974	1	0.53030303030303	0.560606060606061	0.218614718614719	0.261904761904762
#3876A8	#3876A8	0.545454545454545	0.24025974025974	1	0.53030303030303	0.560606060606061	0.218614718614719	0.261904761904762
#3876A8	#3876A8	0.545454545454545	0.24025974025974	1	0.53030303030303	0.560606060606061	0.218614718614719	0.261904761904762
#3876A8	#3876A8	0.575757575757576	0.24025974025974	1	0.560606060606061	0.590909090909091	0.218614718614719	0.261904761904762
#3876A8	#3876A8	0.575757575757576	0.24025974025974	1	0.560606060606061	0.590909090909091	0.218614718614719	0.261904761904762
#3876A8	#3876A8	0.575757575757576	0.24025974025974	1	0.560606060606061	0.590909090909091	0.218614718614719	0.261904761904762
#3672A2	#3672A2	0.606060606060606	0.24025974025974	1	0.590909090909091	0.621212121212121	0.218614718614719	0.261904761904762
#3672A2	#3672A2	0.606060606060606	0.24025974025974	1	0.590909090909091	0.621212121212121	0.218614718614719	0.261904761904762
#3672A2	#3672A2	0.606060606060606	0.24025974025974	1	0.590909090909091	0.621212121212121	0.218614718614719	0.261904761904762
#3672A2	#3672A2	0.636363636363636	0.24025974025974	1	0.621212121212121	0.651515151515151	0.218614718614719	0.261904761904762
#346E9D	#346E9D	0.636363636363636	0.24025974025974	1	0.621212121212121	0.651515151515151	0.218614718614719	0.261904761904762
#346E9D	#346E9D	0.636363636363636	0.24025974025974	1	0.621212121212121	0.651515151515151	0.218614718614719	0.261904761904762
#346E9D	#346E9D	0.666666666666667	0.24025974025974	1	0.651515151515151	0.681818181818182	0.218614718614719	0.261904761904762
#346E9D	#346E9D	0.666666666666667	0.24025974025974	1	0.651515151515151	0.681818181818182	0.218614718614719	0.261904761904762
#346E9D	#346E9D	0.666666666666667	0.24025974025974	1	0.651515151515151	0.681818181818182	0.218614718614719	0.261904761904762
#346E9D	#346E9D	0.696969696969697	0.24025974025974	1	0.681818181818182	0.712121212121212	0.218614718614719	0.261904761904762
#346E9D	#346E9D	0.696969696969697	0.24025974025974	1	0.681818181818182	0.712121212121212	0.218614718614719	0.261904761904762
#346E9D	#346E9D	0.696969696969697	0.24025974025974	1	0.681818181818182	0.712121212121212	0.218614718614719	0.261904761904762
#346E9D	#346E9D	0.727272727272727	0.24025974025974	1	0.712121212121212	0.742424242424242	0.218614718614719	0.261904761904762
#3672A2	#3672A2	0.727272727272727	0.24025974025974	1	0.712121212121212	0.742424242424242	0.218614718614719	0.261904761904762
#3672A2	#3672A2	0.727272727272727	0.24025974025974	1	0.712121212121212	0.742424242424242	0.218614718614719	0.261904761904762
#3876A8	#3876A8	0.757575757575758	0.24025974025974	1	0.742424242424242	0.772727272727273	0.218614718614719	0.261904761904762
#3A7AAD	#3A7AAD	0.757575757575758	0.24025974025974	1	0.742424242424242	0.772727272727273	0.218614718614719	0.261904761904762
#3A7AAD	#3A7AAD	0.757575757575758	0.24025974025974	1	0.742424242424242	0.772727272727273	0.218614718614719	0.261904761904762
#3C7EB3	#3C7EB3	0.787878787878788	0.24025974025974	1	0.772727272727273	0.803030303030303	0.218614718614719	0.261904761904762
#4086BE	#4086BE	0.787878787878788	0.24025974025974	1	0.772727272727273	0.803030303030303	0.218614718614719	0.261904761904762
#438AC3	#438AC3	0.787878787878788	0.24025974025974	1	0.772727272727273	0.803030303030303	0.218614718614719	0.261904761904762
#4793CE	#4793CE	0.818181818181818	0.24025974025974	1	0.803030303030303	0.833333333333333	0.218614718614719	0.261904761904762
#4B9BD9	#4B9BD9	0.818181818181818	0.24025974025974	1	0.803030303030303	0.833333333333333	0.218614718614719	0.261904761904762
#4D9FDF	#4D9FDF	0.818181818181818	0.24025974025974	1	0.803030303030303	0.833333333333333	0.218614718614719	0.261904761904762
#4D9FDF	#4D9FDF	0.848484848484849	0.24025974025974	1	0.833333333333333	0.863636363636364	0.218614718614719	0.261904761904762
#4D9FDF	#4D9FDF	0.848484848484849	0.24025974025974	1	0.833333333333333	0.863636363636364	0.218614718614719	0.261904761904762
#4FA4E5	#4FA4E5	0.848484848484849	0.24025974025974	1	0.833333333333333	0.863636363636364	0.218614718614719	0.261904761904762
#4FA4E5	#4FA4E5	0.878787878787879	0.24025974025974	1	0.863636363636364	0.893939393939394	0.218614718614719	0.261904761904762
#4FA4E5	#4FA4E5	0.878787878787879	0.24025974025974	1	0.863636363636364	0.893939393939394	0.218614718614719	0.261904761904762
#51A8EB	#51A8EB	0.878787878787879	0.24025974025974	1	0.863636363636364	0.893939393939394	0.218614718614719	0.261904761904762
#51A8EB	#51A8EB	0.909090909090909	0.24025974025974	1	0.893939393939394	0.924242424242424	0.218614718614719	0.261904761904762
#51A8EB	#51A8EB	0.909090909090909	0.24025974025974	1	0.893939393939394	0.924242424242424	0.218614718614719	0.261904761904762
#51A8EB	#51A8EB	0.909090909090909	0.24025974025974	1	0.893939393939394	0.924242424242424	0.218614718614719	0.261904761904762
#51A8EB	#51A8EB	0.939393939393939	0.24025974025974	1	0.924242424242424	0.954545454545455	0.218614718614719	0.261904761904762
#4FA4E5	#4FA4E5	0.0606060606060606	0.283549783549783	1	0.0454545454545455	0.0757575757575758	0.261904761904762	0.305194805194805
#4FA4E5	#4FA4E5	0.0606060606060606	0.283549783549783	1	0.0454545454545455	0.0757575757575758	0.261904761904762	0.305194805194805
#4FA4E5	#4FA4E5	0.0909090909090909	0.283549783549783	1	0.0757575757575758	0.106060606060606	0.261904761904762	0.305194805194805
#4D9FDF	#4D9FDF	0.0909090909090909	0.283549783549783	1	0.0757575757575758	0.106060606060606	0.261904761904762	0.305194805194805
#4D9FDF	#4D9FDF	0.0909090909090909	0.283549783549783	1	0.0757575757575758	0.106060606060606	0.261904761904762	0.305194805194805
#4D9FDF	#4D9FDF	0.121212121212121	0.283549783549783	1	0.106060606060606	0.136363636363636	0.261904761904762	0.305194805194805
#4B9BD9	#4B9BD9	0.121212121212121	0.283549783549783	1	0.106060606060606	0.136363636363636	0.261904761904762	0.305194805194805
#4B9BD9	#4B9BD9	0.121212121212121	0.283549783549783	1	0.106060606060606	0.136363636363636	0.261904761904762	0.305194805194805
#4997D4	#4997D4	0.151515151515152	0.283549783549783	1	0.136363636363636	0.166666666666667	0.261904761904762	0.305194805194805
#458EC9	#458EC9	0.151515151515152	0.283549783549783	1	0.136363636363636	0.166666666666667	0.261904761904762	0.305194805194805
#4086BE	#4086BE	0.151515151515152	0.283549783549783	1	0.136363636363636	0.166666666666667	0.261904761904762	0.305194805194805
#3E82B8	#3E82B8	0.181818181818182	0.283549783549783	1	0.166666666666667	0.196969696969697	0.261904761904762	0.305194805194805
#3C7EB3	#3C7EB3	0.181818181818182	0.283549783549783	1	0.166666666666667	0.196969696969697	0.261904761904762	0.305194805194805
#3A7AAD	#3A7AAD	0.181818181818182	0.283549783549783	1	0.166666666666667	0.196969696969697	0.261904761904762	0.305194805194805
#3876A8	#3876A8	0.212121212121212	0.283549783549783	1	0.196969696969697	0.227272727272727	0.261904761904762	0.305194805194805
#346E9D	#346E9D	0.212121212121212	0.283549783549783	1	0.196969696969697	0.227272727272727	0.261904761904762	0.305194805194805
#346E9D	#346E9D	0.212121212121212	0.283549783549783	1	0.196969696969697	0.227272727272727	0.261904761904762	0.305194805194805
#346E9D	#346E9D	0.242424242424242	0.283549783549783	1	0.227272727272727	0.257575757575758	0.261904761904762	0.305194805194805
#326A97	#326A97	0.242424242424242	0.283549783549783	1	0.227272727272727	0.257575757575758	0.261904761904762	0.305194805194805
#2E628D	#2E628D	0.242424242424242	0.283549783549783	1	0.227272727272727	0.257575757575758	0.261904761904762	0.305194805194805
#2C5E88	#2C5E88	0.272727272727273	0.283549783549783	1	0.257575757575758	0.287878787878788	0.261904761904762	0.305194805194805
#2A5A82	#2A5A82	0.272727272727273	0.283549783549783	1	0.257575757575758	0.287878787878788	0.261904761904762	0.305194805194805
#28567D	#28567D	0.272727272727273	0.283549783549783	1	0.257575757575758	0.287878787878788	0.261904761904762	0.305194805194805
#28567D	#28567D	0.303030303030303	0.283549783549783	1	0.287878787878788	0.318181818181818	0.261904761904762	0.305194805194805
#28567D	#28567D	0.303030303030303	0.283549783549783	1	0.287878787878788	0.318181818181818	0.261904761904762	0.305194805194805
#28567D	#28567D	0.303030303030303	0.283549783549783	1	0.287878787878788	0.318181818181818	0.261904761904762	0.305194805194805
#28567D	#28567D	0.333333333333333	0.283549783549783	1	0.318181818181818	0.348484848484849	0.261904761904762	0.305194805194805
#28567D	#28567D	0.333333333333333	0.283549783549783	1	0.318181818181818	0.348484848484849	0.261904761904762	0.305194805194805
#2A5A82	#2A5A82	0.333333333333333	0.283549783549783	1	0.318181818181818	0.348484848484849	0.261904761904762	0.305194805194805
#2C5E88	#2C5E88	0.363636363636364	0.283549783549783	1	0.348484848484849	0.378787878787879	0.261904761904762	0.305194805194805
#2E628D	#2E628D	0.363636363636364	0.283549783549783	1	0.348484848484849	0.378787878787879	0.261904761904762	0.305194805194805
#306692	#306692	0.363636363636364	0.283549783549783	1	0.348484848484849	0.378787878787879	0.261904761904762	0.305194805194805
#326A97	#326A97	0.393939393939394	0.283549783549783	1	0.378787878787879	0.409090909090909	0.261904761904762	0.305194805194805
#326A97	#326A97	0.393939393939394	0.283549783549783	1	0.378787878787879	0.409090909090909	0.261904761904762	0.305194805194805
#346E9D	#346E9D	0.393939393939394	0.283549783549783	1	0.378787878787879	0.409090909090909	0.261904761904762	0.305194805194805
#346E9D	#346E9D	0.424242424242424	0.283549783549783	1	0.409090909090909	0.439393939393939	0.261904761904762	0.305194805194805
#346E9D	#346E9D	0.424242424242424	0.283549783549783	1	0.409090909090909	0.439393939393939	0.261904761904762	0.305194805194805
#3672A2	#3672A2	0.424242424242424	0.283549783549783	1	0.409090909090909	0.439393939393939	0.261904761904762	0.305194805194805
#3876A8	#3876A8	0.454545454545455	0.283549783549783	1	0.439393939393939	0.46969696969697	0.261904761904762	0.305194805194805
#3876A8	#3876A8	0.454545454545455	0.283549783549783	1	0.439393939393939	0.46969696969697	0.261904761904762	0.305194805194805
#3876A8	#3876A8	0.454545454545455	0.283549783549783	1	0.439393939393939	0.46969696969697	0.261904761904762	0.305194805194805
#3876A8	#3876A8	0.484848484848485	0.283549783549783	1	0.46969696969697	0.5	0.261904761904762	0.305194805194805
#3672A2	#3672A2	0.484848484848485	0.283549783549783	1	0.46969696969697	0.5	0.261904761904762	0.305194805194805
#3672A2	#3672A2	0.484848484848485	0.283549783549783	1	0.46969696969697	0.5	0.261904761904762	0.305194805194805
#3672A2	#3672A2	0.515151515151515	0.283549783549783	1	0.5	0.53030303030303	0.261904761904762	0.305194805194805
#3672A2	#3672A2	0.515151515151515	0.283549783549783	1	0.5	0.53030303030303	0.261904761904762	0.305194805194805
#3672A2	#3672A2	0.515151515151515	0.283549783549783	1	0.5	0.53030303030303	0.261904761904762	0.305194805194805
#3672A2	#3672A2	0.545454545454545	0.283549783549783	1	0.53030303030303	0.560606060606061	0.261904761904762	0.305194805194805
#3672A2	#3672A2	0.545454545454545	0.283549783549783	1	0.53030303030303	0.560606060606061	0.261904761904762	0.305194805194805
#3672A2	#3672A2	0.545454545454545	0.283549783549783	1	0.53030303030303	0.560606060606061	0.261904761904762	0.305194805194805
#3672A2	#3672A2	0.575757575757576	0.283549783549783	1	0.560606060606061	0.590909090909091	0.261904761904762	0.305194805194805
#3672A2	#3672A2	0.575757575757576	0.283549783549783	1	0.560606060606061	0.590909090909091	0.261904761904762	0.305194805194805
#3672A2	#3672A2	0.575757575757576	0.283549783549783	1	0.560606060606061	0.590909090909091	0.261904761904762	0.305194805194805
#3672A2	#3672A2	0.606060606060606	0.283549783549783	1	0.590909090909091	0.621212121212121	0.261904761904762	0.305194805194805
#346E9D	#346E9D	0.606060606060606	0.283549783549783	1	0.590909090909091	0.621212121212121	0.261904761904762	0.305194805194805
#346E9D	#346E9D	0.606060606060606	0.283549783549783	1	0.590909090909091	0.621212121212121	0.261904761904762	0.305194805194805
#346E9D	#346E9D	0.636363636363636	0.283549783549783	1	0.621212121212121	0.651515151515151	0.261904761904762	0.305194805194805
#346E9D	#346E9D	0.636363636363636	0.283549783549783	1	0.621212121212121	0.651515151515151	0.261904761904762	0.305194805194805
#326A97	#326A97	0.636363636363636	0.283549783549783	1	0.621212121212121	0.651515151515151	0.261904761904762	0.305194805194805
#326A97	#326A97	0.666666666666667	0.283549783549783	1	0.651515151515151	0.681818181818182	0.261904761904762	0.305194805194805
#326A97	#326A97	0.666666666666667	0.283549783549783	1	0.651515151515151	0.681818181818182	0.261904761904762	0.305194805194805
#326A97	#326A97	0.666666666666667	0.283549783549783	1	0.651515151515151	0.681818181818182	0.261904761904762	0.305194805194805
#326A97	#326A97	0.696969696969697	0.283549783549783	1	0.681818181818182	0.712121212121212	0.261904761904762	0.305194805194805
#326A97	#326A97	0.696969696969697	0.283549783549783	1	0.681818181818182	0.712121212121212	0.261904761904762	0.305194805194805
#326A97	#326A97	0.696969696969697	0.283549783549783	1	0.681818181818182	0.712121212121212	0.261904761904762	0.305194805194805
#326A97	#326A97	0.727272727272727	0.283549783549783	1	0.712121212121212	0.742424242424242	0.261904761904762	0.305194805194805
#326A97	#326A97	0.727272727272727	0.283549783549783	1	0.712121212121212	0.742424242424242	0.261904761904762	0.305194805194805
#346E9D	#346E9D	0.727272727272727	0.283549783549783	1	0.712121212121212	0.742424242424242	0.261904761904762	0.305194805194805
#3672A2	#3672A2	0.757575757575758	0.283549783549783	1	0.742424242424242	0.772727272727273	0.261904761904762	0.305194805194805
#3672A2	#3672A2	0.757575757575758	0.283549783549783	1	0.742424242424242	0.772727272727273	0.261904761904762	0.305194805194805
#3876A8	#3876A8	0.757575757575758	0.283549783549783	1	0.742424242424242	0.772727272727273	0.261904761904762	0.305194805194805
#3C7EB3	#3C7EB3	0.787878787878788	0.283549783549783	1	0.772727272727273	0.803030303030303	0.261904761904762	0.305194805194805
#4086BE	#4086BE	0.787878787878788	0.283549783549783	1	0.772727272727273	0.803030303030303	0.261904761904762	0.305194805194805
#458EC9	#458EC9	0.787878787878788	0.283549783549783	1	0.772727272727273	0.803030303030303	0.261904761904762	0.305194805194805
#4997D4	#4997D4	0.818181818181818	0.283549783549783	1	0.803030303030303	0.833333333333333	0.261904761904762	0.305194805194805
#4B9BD9	#4B9BD9	0.818181818181818	0.283549783549783	1	0.803030303030303	0.833333333333333	0.261904761904762	0.305194805194805
#4D9FDF	#4D9FDF	0.818181818181818	0.283549783549783	1	0.803030303030303	0.833333333333333	0.261904761904762	0.305194805194805
#4D9FDF	#4D9FDF	0.848484848484849	0.283549783549783	1	0.833333333333333	0.863636363636364	0.261904761904762	0.305194805194805
#4D9FDF	#4D9FDF	0.848484848484849	0.283549783549783	1	0.833333333333333	0.863636363636364	0.261904761904762	0.305194805194805
#4FA4E5	#4FA4E5	0.848484848484849	0.283549783549783	1	0.833333333333333	0.863636363636364	0.261904761904762	0.305194805194805
#4FA4E5	#4FA4E5	0.878787878787879	0.283549783549783	1	0.863636363636364	0.893939393939394	0.261904761904762	0.305194805194805
#4FA4E5	#4FA4E5	0.878787878787879	0.283549783549783	1	0.863636363636364	0.893939393939394	0.261904761904762	0.305194805194805
#51A8EB	#51A8EB	0.878787878787879	0.283549783549783	1	0.863636363636364	0.893939393939394	0.261904761904762	0.305194805194805
#51A8EB	#51A8EB	0.909090909090909	0.283549783549783	1	0.893939393939394	0.924242424242424	0.261904761904762	0.305194805194805
#51A8EB	#51A8EB	0.909090909090909	0.283549783549783	1	0.893939393939394	0.924242424242424	0.261904761904762	0.305194805194805
#51A8EB	#51A8EB	0.909090909090909	0.283549783549783	1	0.893939393939394	0.924242424242424	0.261904761904762	0.305194805194805
#51A8EB	#51A8EB	0.939393939393939	0.283549783549783	1	0.924242424242424	0.954545454545455	0.261904761904762	0.305194805194805
#4FA4E5	#4FA4E5	0.0606060606060606	0.283549783549783	1	0.0454545454545455	0.0757575757575758	0.261904761904762	0.305194805194805
#4FA4E5	#4FA4E5	0.0606060606060606	0.283549783549783	1	0.0454545454545455	0.0757575757575758	0.261904761904762	0.305194805194805
#4FA4E5	#4FA4E5	0.0909090909090909	0.283549783549783	1	0.0757575757575758	0.106060606060606	0.261904761904762	0.305194805194805
#4D9FDF	#4D9FDF	0.0909090909090909	0.283549783549783	1	0.0757575757575758	0.106060606060606	0.261904761904762	0.305194805194805
#4D9FDF	#4D9FDF	0.0909090909090909	0.283549783549783	1	0.0757575757575758	0.106060606060606	0.261904761904762	0.305194805194805
#4D9FDF	#4D9FDF	0.121212121212121	0.283549783549783	1	0.106060606060606	0.136363636363636	0.261904761904762	0.305194805194805
#4B9BD9	#4B9BD9	0.121212121212121	0.283549783549783	1	0.106060606060606	0.136363636363636	0.261904761904762	0.305194805194805
#4997D4	#4997D4	0.121212121212121	0.283549783549783	1	0.106060606060606	0.136363636363636	0.261904761904762	0.305194805194805
#4793CE	#4793CE	0.151515151515152	0.283549783549783	1	0.136363636363636	0.166666666666667	0.261904761904762	0.305194805194805
#438AC3	#438AC3	0.151515151515152	0.283549783549783	1	0.136363636363636	0.166666666666667	0.261904761904762	0.305194805194805
#4086BE	#4086BE	0.151515151515152	0.283549783549783	1	0.136363636363636	0.166666666666667	0.261904761904762	0.305194805194805
#3C7EB3	#3C7EB3	0.181818181818182	0.283549783549783	1	0.166666666666667	0.196969696969697	0.261904761904762	0.305194805194805
#3A7AAD	#3A7AAD	0.181818181818182	0.283549783549783	1	0.166666666666667	0.196969696969697	0.261904761904762	0.305194805194805
#3876A8	#3876A8	0.181818181818182	0.283549783549783	1	0.166666666666667	0.196969696969697	0.261904761904762	0.305194805194805
#346E9D	#346E9D	0.212121212121212	0.283549783549783	1	0.196969696969697	0.227272727272727	0.261904761904762	0.305194805194805
#306692	#306692	0.212121212121212	0.283549783549783	1	0.196969696969697	0.227272727272727	0.261904761904762	0.305194805194805
#306692	#306692	0.212121212121212	0.283549783549783	1	0.196969696969697	0.227272727272727	0.261904761904762	0.305194805194805
#2E628D	#2E628D	0.242424242424242	0.283549783549783	1	0.227272727272727	0.257575757575758	0.261904761904762	0.305194805194805
#2E628D	#2E628D	0.242424242424242	0.283549783549783	1	0.227272727272727	0.257575757575758	0.261904761904762	0.305194805194805
#2C5E88	#2C5E88	0.242424242424242	0.283549783549783	1	0.227272727272727	0.257575757575758	0.261904761904762	0.305194805194805
#2A5A82	#2A5A82	0.272727272727273	0.283549783549783	1	0.257575757575758	0.287878787878788	0.261904761904762	0.305194805194805
#28567D	#28567D	0.272727272727273	0.283549783549783	1	0.257575757575758	0.287878787878788	0.261904761904762	0.305194805194805
#275278	#275278	0.272727272727273	0.283549783549783	1	0.257575757575758	0.287878787878788	0.261904761904762	0.305194805194805
#254F73	#254F73	0.303030303030303	0.283549783549783	1	0.287878787878788	0.318181818181818	0.261904761904762	0.305194805194805
#275278	#275278	0.303030303030303	0.283549783549783	1	0.287878787878788	0.318181818181818	0.261904761904762	0.305194805194805
#275278	#275278	0.303030303030303	0.283549783549783	1	0.287878787878788	0.318181818181818	0.261904761904762	0.305194805194805
#275278	#275278	0.333333333333333	0.283549783549783	1	0.318181818181818	0.348484848484849	0.261904761904762	0.305194805194805
#275278	#275278	0.333333333333333	0.283549783549783	1	0.318181818181818	0.348484848484849	0.261904761904762	0.305194805194805
#28567D	#28567D	0.333333333333333	0.283549783549783	1	0.318181818181818	0.348484848484849	0.261904761904762	0.305194805194805
#2A5A82	#2A5A82	0.363636363636364	0.283549783549783	1	0.348484848484849	0.378787878787879	0.261904761904762	0.305194805194805
#2C5E88	#2C5E88	0.363636363636364	0.283549783549783	1	0.348484848484849	0.378787878787879	0.261904761904762	0.305194805194805
#2E628D	#2E628D	0.363636363636364	0.283549783549783	1	0.348484848484849	0.378787878787879	0.261904761904762	0.305194805194805
#306692	#306692	0.393939393939394	0.283549783549783	1	0.378787878787879	0.409090909090909	0.261904761904762	0.305194805194805
#306692	#306692	0.393939393939394	0.283549783549783	1	0.378787878787879	0.409090909090909	0.261904761904762	0.305194805194805
#326A97	#326A97	0.393939393939394	0.283549783549783	1	0.378787878787879	0.409090909090909	0.261904761904762	0.305194805194805
#326A97	#326A97	0.424242424242424	0.283549783549783	1	0.409090909090909	0.439393939393939	0.261904761904762	0.305194805194805
#326A97	#326A97	0.424242424242424	0.283549783549783	1	0.409090909090909	0.439393939393939	0.261904761904762	0.305194805194805
#346E9D	#346E9D	0.424242424242424	0.283549783549783	1	0.409090909090909	0.439393939393939	0.261904761904762	0.305194805194805
#346E9D	#346E9D	0.454545454545455	0.283549783549783	1	0.439393939393939	0.46969696969697	0.261904761904762	0.305194805194805
#3672A2	#3672A2	0.454545454545455	0.283549783549783	1	0.439393939393939	0.46969696969697	0.261904761904762	0.305194805194805
#346E9D	#346E9D	0.454545454545455	0.283549783549783	1	0.439393939393939	0.46969696969697	0.261904761904762	0.305194805194805
#346E9D	#346E9D	0.484848484848485	0.283549783549783	1	0.46969696969697	0.5	0.261904761904762	0.305194805194805
#346E9D	#346E9D	0.484848484848485	0.283549783549783	1	0.46969696969697	0.5	0.261904761904762	0.305194805194805
#346E9D	#346E9D	0.484848484848485	0.283549783549783	1	0.46969696969697	0.5	0.261904761904762	0.305194805194805
#346E9D	#346E9D	0.515151515151515	0.283549783549783	1	0.5	0.53030303030303	0.261904761904762	0.305194805194805
#346E9D	#346E9D	0.515151515151515	0.283549783549783	1	0.5	0.53030303030303	0.261904761904762	0.305194805194805
#346E9D	#346E9D	0.515151515151515	0.283549783549783	1	0.5	0.53030303030303	0.261904761904762	0.305194805194805
#346E9D	#346E9D	0.545454545454545	0.283549783549783	1	0.53030303030303	0.560606060606061	0.261904761904762	0.305194805194805
#346E9D	#346E9D	0.545454545454545	0.283549783549783	1	0.53030303030303	0.560606060606061	0.261904761904762	0.305194805194805
#346E9D	#346E9D	0.545454545454545	0.283549783549783	1	0.53030303030303	0.560606060606061	0.261904761904762	0.305194805194805
#346E9D	#346E9D	0.575757575757576	0.283549783549783	1	0.560606060606061	0.590909090909091	0.261904761904762	0.305194805194805
#346E9D	#346E9D	0.575757575757576	0.283549783549783	1	0.560606060606061	0.590909090909091	0.261904761904762	0.305194805194805
#346E9D	#346E9D	0.575757575757576	0.283549783549783	1	0.560606060606061	0.590909090909091	0.261904761904762	0.305194805194805
#346E9D	#346E9D	0.606060606060606	0.283549783549783	1	0.590909090909091	0.621212121212121	0.261904761904762	0.305194805194805
#346E9D	#346E9D	0.606060606060606	0.283549783549783	1	0.590909090909091	0.621212121212121	0.261904761904762	0.305194805194805
#326A97	#326A97	0.606060606060606	0.283549783549783	1	0.590909090909091	0.621212121212121	0.261904761904762	0.305194805194805
#326A97	#326A97	0.636363636363636	0.283549783549783	1	0.621212121212121	0.651515151515151	0.261904761904762	0.305194805194805
#326A97	#326A97	0.636363636363636	0.283549783549783	1	0.621212121212121	0.651515151515151	0.261904761904762	0.305194805194805
#326A97	#326A97	0.636363636363636	0.283549783549783	1	0.621212121212121	0.651515151515151	0.261904761904762	0.305194805194805
#326A97	#326A97	0.666666666666667	0.283549783549783	1	0.651515151515151	0.681818181818182	0.261904761904762	0.305194805194805
#326A97	#326A97	0.666666666666667	0.283549783549783	1	0.651515151515151	0.681818181818182	0.261904761904762	0.305194805194805
#306692	#306692	0.666666666666667	0.283549783549783	1	0.651515151515151	0.681818181818182	0.261904761904762	0.305194805194805
#306692	#306692	0.696969696969697	0.283549783549783	1	0.681818181818182	0.712121212121212	0.261904761904762	0.305194805194805
#306692	#306692	0.696969696969697	0.283549783549783	1	0.681818181818182	0.712121212121212	0.261904761904762	0.305194805194805
#306692	#306692	0.696969696969697	0.283549783549783	1	0.681818181818182	0.712121212121212	0.261904761904762	0.305194805194805
#306692	#306692	0.727272727272727	0.283549783549783	1	0.712121212121212	0.742424242424242	0.261904761904762	0.305194805194805
#326A97	#326A97	0.727272727272727	0.283549783549783	1	0.712121212121212	0.742424242424242	0.261904761904762	0.305194805194805
#346E9D	#346E9D	0.727272727272727	0.283549783549783	1	0.712121212121212	0.742424242424242	0.261904761904762	0.305194805194805
#346E9D	#346E9D	0.757575757575758	0.283549783549783	1	0.742424242424242	0.772727272727273	0.261904761904762	0.305194805194805
#3672A2	#3672A2	0.757575757575758	0.283549783549783	1	0.742424242424242	0.772727272727273	0.261904761904762	0.305194805194805
#3A7AAD	#3A7AAD	0.757575757575758	0.283549783549783	1	0.742424242424242	0.772727272727273	0.261904761904762	0.305194805194805
#3E82B8	#3E82B8	0.787878787878788	0.283549783549783	1	0.772727272727273	0.803030303030303	0.261904761904762	0.305194805194805
#4086BE	#4086BE	0.787878787878788	0.283549783549783	1	0.772727272727273	0.803030303030303	0.261904761904762	0.305194805194805
#458EC9	#458EC9	0.787878787878788	0.283549783549783	1	0.772727272727273	0.803030303030303	0.261904761904762	0.305194805194805
#4997D4	#4997D4	0.818181818181818	0.283549783549783	1	0.803030303030303	0.833333333333333	0.261904761904762	0.305194805194805
#4B9BD9	#4B9BD9	0.818181818181818	0.283549783549783	1	0.803030303030303	0.833333333333333	0.261904761904762	0.305194805194805
#4D9FDF	#4D9FDF	0.818181818181818	0.283549783549783	1	0.803030303030303	0.833333333333333	0.261904761904762	0.305194805194805
#4D9FDF	#4D9FDF	0.848484848484849	0.283549783549783	1	0.833333333333333	0.863636363636364	0.261904761904762	0.305194805194805
#4D9FDF	#4D9FDF	0.848484848484849	0.283549783549783	1	0.833333333333333	0.863636363636364	0.261904761904762	0.305194805194805
#4FA4E5	#4FA4E5	0.848484848484849	0.283549783549783	1	0.833333333333333	0.863636363636364	0.261904761904762	0.305194805194805
#4FA4E5	#4FA4E5	0.878787878787879	0.283549783549783	1	0.863636363636364	0.893939393939394	0.261904761904762	0.305194805194805
#4FA4E5	#4FA4E5	0.878787878787879	0.283549783549783	1	0.863636363636364	0.893939393939394	0.261904761904762	0.305194805194805
#4FA4E5	#4FA4E5	0.878787878787879	0.283549783549783	1	0.863636363636364	0.893939393939394	0.261904761904762	0.305194805194805
#51A8EB	#51A8EB	0.909090909090909	0.283549783549783	1	0.893939393939394	0.924242424242424	0.261904761904762	0.305194805194805
#51A8EB	#51A8EB	0.909090909090909	0.283549783549783	1	0.893939393939394	0.924242424242424	0.261904761904762	0.305194805194805
#51A8EB	#51A8EB	0.909090909090909	0.283549783549783	1	0.893939393939394	0.924242424242424	0.261904761904762	0.305194805194805
#51A8EB	#51A8EB	0.939393939393939	0.283549783549783	1	0.924242424242424	0.954545454545455	0.261904761904762	0.305194805194805
#4FA4E5	#4FA4E5	0.0606060606060606	0.283549783549783	1	0.0454545454545455	0.0757575757575758	0.261904761904762	0.305194805194805
#4FA4E5	#4FA4E5	0.0606060606060606	0.283549783549783	1	0.0454545454545455	0.0757575757575758	0.261904761904762	0.305194805194805
#4D9FDF	#4D9FDF	0.0909090909090909	0.283549783549783	1	0.0757575757575758	0.106060606060606	0.261904761904762	0.305194805194805
#4D9FDF	#4D9FDF	0.0909090909090909	0.283549783549783	1	0.0757575757575758	0.106060606060606	0.261904761904762	0.305194805194805
#4D9FDF	#4D9FDF	0.0909090909090909	0.283549783549783	1	0.0757575757575758	0.106060606060606	0.261904761904762	0.305194805194805
#4B9BD9	#4B9BD9	0.121212121212121	0.283549783549783	1	0.106060606060606	0.136363636363636	0.261904761904762	0.305194805194805
#4997D4	#4997D4	0.121212121212121	0.283549783549783	1	0.106060606060606	0.136363636363636	0.261904761904762	0.305194805194805
#4793CE	#4793CE	0.121212121212121	0.283549783549783	1	0.106060606060606	0.136363636363636	0.261904761904762	0.305194805194805
#458EC9	#458EC9	0.151515151515152	0.283549783549783	1	0.136363636363636	0.166666666666667	0.261904761904762	0.305194805194805
#438AC3	#438AC3	0.151515151515152	0.283549783549783	1	0.136363636363636	0.166666666666667	0.261904761904762	0.305194805194805
#3E82B8	#3E82B8	0.151515151515152	0.283549783549783	1	0.136363636363636	0.166666666666667	0.261904761904762	0.305194805194805
#3A7AAD	#3A7AAD	0.181818181818182	0.283549783549783	1	0.166666666666667	0.196969696969697	0.261904761904762	0.305194805194805
#3672A2	#3672A2	0.181818181818182	0.283549783549783	1	0.166666666666667	0.196969696969697	0.261904761904762	0.305194805194805
#346E9D	#346E9D	0.181818181818182	0.283549783549783	1	0.166666666666667	0.196969696969697	0.261904761904762	0.305194805194805
#2E628D	#2E628D	0.212121212121212	0.283549783549783	1	0.196969696969697	0.227272727272727	0.261904761904762	0.305194805194805
#2E628D	#2E628D	0.212121212121212	0.283549783549783	1	0.196969696969697	0.227272727272727	0.261904761904762	0.305194805194805
#2C5E88	#2C5E88	0.212121212121212	0.283549783549783	1	0.196969696969697	0.227272727272727	0.261904761904762	0.305194805194805
#2C5E88	#2C5E88	0.242424242424242	0.283549783549783	1	0.227272727272727	0.257575757575758	0.261904761904762	0.305194805194805
#2A5A82	#2A5A82	0.242424242424242	0.283549783549783	1	0.227272727272727	0.257575757575758	0.261904761904762	0.305194805194805
#28567D	#28567D	0.242424242424242	0.283549783549783	1	0.227272727272727	0.257575757575758	0.261904761904762	0.305194805194805
#275278	#275278	0.272727272727273	0.283549783549783	1	0.257575757575758	0.287878787878788	0.261904761904762	0.305194805194805
#275278	#275278	0.272727272727273	0.283549783549783	1	0.257575757575758	0.287878787878788	0.261904761904762	0.305194805194805
#254F73	#254F73	0.272727272727273	0.283549783549783	1	0.257575757575758	0.287878787878788	0.261904761904762	0.305194805194805
#234B6E	#234B6E	0.303030303030303	0.283549783549783	1	0.287878787878788	0.318181818181818	0.261904761904762	0.305194805194805
#234B6E	#234B6E	0.303030303030303	0.283549783549783	1	0.287878787878788	0.318181818181818	0.261904761904762	0.305194805194805
#234B6E	#234B6E	0.303030303030303	0.283549783549783	1	0.287878787878788	0.318181818181818	0.261904761904762	0.305194805194805
#254F73	#254F73	0.333333333333333	0.283549783549783	1	0.318181818181818	0.348484848484849	0.261904761904762	0.305194805194805
#254F73	#254F73	0.333333333333333	0.283549783549783	1	0.318181818181818	0.348484848484849	0.261904761904762	0.305194805194805
#275278	#275278	0.333333333333333	0.283549783549783	1	0.318181818181818	0.348484848484849	0.261904761904762	0.305194805194805
#28567D	#28567D	0.363636363636364	0.283549783549783	1	0.348484848484849	0.378787878787879	0.261904761904762	0.305194805194805
#2A5A82	#2A5A82	0.363636363636364	0.283549783549783	1	0.348484848484849	0.378787878787879	0.261904761904762	0.305194805194805
#2C5E88	#2C5E88	0.363636363636364	0.283549783549783	1	0.348484848484849	0.378787878787879	0.261904761904762	0.305194805194805
#2E628D	#2E628D	0.393939393939394	0.283549783549783	1	0.378787878787879	0.409090909090909	0.261904761904762	0.305194805194805
#306692	#306692	0.393939393939394	0.283549783549783	1	0.378787878787879	0.409090909090909	0.261904761904762	0.305194805194805
#306692	#306692	0.393939393939394	0.283549783549783	1	0.378787878787879	0.409090909090909	0.261904761904762	0.305194805194805
#306692	#306692	0.424242424242424	0.283549783549783	1	0.409090909090909	0.439393939393939	0.261904761904762	0.305194805194805
#306692	#306692	0.424242424242424	0.283549783549783	1	0.409090909090909	0.439393939393939	0.261904761904762	0.305194805194805
#306692	#306692	0.424242424242424	0.283549783549783	1	0.409090909090909	0.439393939393939	0.261904761904762	0.305194805194805
#326A97	#326A97	0.454545454545455	0.283549783549783	1	0.439393939393939	0.46969696969697	0.261904761904762	0.305194805194805
#326A97	#326A97	0.454545454545455	0.283549783549783	1	0.439393939393939	0.46969696969697	0.261904761904762	0.305194805194805
#326A97	#326A97	0.454545454545455	0.283549783549783	1	0.439393939393939	0.46969696969697	0.261904761904762	0.305194805194805
#346E9D	#346E9D	0.484848484848485	0.283549783549783	1	0.46969696969697	0.5	0.261904761904762	0.305194805194805
#346E9D	#346E9D	0.484848484848485	0.283549783549783	1	0.46969696969697	0.5	0.261904761904762	0.305194805194805
#346E9D	#346E9D	0.484848484848485	0.283549783549783	1	0.46969696969697	0.5	0.261904761904762	0.305194805194805
#326A97	#326A97	0.515151515151515	0.283549783549783	1	0.5	0.53030303030303	0.261904761904762	0.305194805194805
#326A97	#326A97	0.515151515151515	0.283549783549783	1	0.5	0.53030303030303	0.261904761904762	0.305194805194805
#326A97	#326A97	0.515151515151515	0.283549783549783	1	0.5	0.53030303030303	0.261904761904762	0.305194805194805
#326A97	#326A97	0.545454545454545	0.283549783549783	1	0.53030303030303	0.560606060606061	0.261904761904762	0.305194805194805
#326A97	#326A97	0.545454545454545	0.283549783549783	1	0.53030303030303	0.560606060606061	0.261904761904762	0.305194805194805
#326A97	#326A97	0.545454545454545	0.283549783549783	1	0.53030303030303	0.560606060606061	0.261904761904762	0.305194805194805
#326A97	#326A97	0.575757575757576	0.283549783549783	1	0.560606060606061	0.590909090909091	0.261904761904762	0.305194805194805
#326A97	#326A97	0.575757575757576	0.283549783549783	1	0.560606060606061	0.590909090909091	0.261904761904762	0.305194805194805
#326A97	#326A97	0.575757575757576	0.283549783549783	1	0.560606060606061	0.590909090909091	0.261904761904762	0.305194805194805
#326A97	#326A97	0.606060606060606	0.283549783549783	1	0.590909090909091	0.621212121212121	0.261904761904762	0.305194805194805
#326A97	#326A97	0.606060606060606	0.283549783549783	1	0.590909090909091	0.621212121212121	0.261904761904762	0.305194805194805
#326A97	#326A97	0.606060606060606	0.283549783549783	1	0.590909090909091	0.621212121212121	0.261904761904762	0.305194805194805
#326A97	#326A97	0.636363636363636	0.283549783549783	1	0.621212121212121	0.651515151515151	0.261904761904762	0.305194805194805
#306692	#306692	0.636363636363636	0.283549783549783	1	0.621212121212121	0.651515151515151	0.261904761904762	0.305194805194805
#306692	#306692	0.636363636363636	0.283549783549783	1	0.621212121212121	0.651515151515151	0.261904761904762	0.305194805194805
#306692	#306692	0.666666666666667	0.283549783549783	1	0.651515151515151	0.681818181818182	0.261904761904762	0.305194805194805
#306692	#306692	0.666666666666667	0.283549783549783	1	0.651515151515151	0.681818181818182	0.261904761904762	0.305194805194805
#2E628D	#2E628D	0.666666666666667	0.283549783549783	1	0.651515151515151	0.681818181818182	0.261904761904762	0.305194805194805
#2E628D	#2E628D	0.696969696969697	0.283549783549783	1	0.681818181818182	0.712121212121212	0.261904761904762	0.305194805194805
#2E628D	#2E628D	0.696969696969697	0.283549783549783	1	0.681818181818182	0.712121212121212	0.261904761904762	0.305194805194805
#2E628D	#2E628D	0.696969696969697	0.283549783549783	1	0.681818181818182	0.712121212121212	0.261904761904762	0.305194805194805
#306692	#306692	0.727272727272727	0.283549783549783	1	0.712121212121212	0.742424242424242	0.261904761904762	0.305194805194805
#306692	#306692	0.727272727272727	0.283549783549783	1	0.712121212121212	0.742424242424242	0.261904761904762	0.305194805194805
#326A97	#326A97	0.727272727272727	0.283549783549783	1	0.712121212121212	0.742424242424242	0.261904761904762	0.305194805194805
#346E9D	#346E9D	0.757575757575758	0.283549783549783	1	0.742424242424242	0.772727272727273	0.261904761904762	0.305194805194805
#346E9D	#346E9D	0.757575757575758	0.283549783549783	1	0.742424242424242	0.772727272727273	0.261904761904762	0.305194805194805
#3A7AAD	#3A7AAD	0.757575757575758	0.283549783549783	1	0.742424242424242	0.772727272727273	0.261904761904762	0.305194805194805
#3E82B8	#3E82B8	0.787878787878788	0.283549783549783	1	0.772727272727273	0.803030303030303	0.261904761904762	0.305194805194805
#4086BE	#4086BE	0.787878787878788	0.283549783549783	1	0.772727272727273	0.803030303030303	0.261904761904762	0.305194805194805
#458EC9	#458EC9	0.787878787878788	0.283549783549783	1	0.772727272727273	0.803030303030303	0.261904761904762	0.305194805194805
#4997D4	#4997D4	0.818181818181818	0.283549783549783	1	0.803030303030303	0.833333333333333	0.261904761904762	0.305194805194805
#4B9BD9	#4B9BD9	0.818181818181818	0.283549783549783	1	0.803030303030303	0.833333333333333	0.261904761904762	0.305194805194805
#4D9FDF	#4D9FDF	0.818181818181818	0.283549783549783	1	0.803030303030303	0.833333333333333	0.261904761904762	0.305194805194805
#4D9FDF	#4D9FDF	0.848484848484849	0.283549783549783	1	0.833333333333333	0.863636363636364	0.261904761904762	0.305194805194805
#4FA4E5	#4FA4E5	0.848484848484849	0.283549783549783	1	0.833333333333333	0.863636363636364	0.261904761904762	0.305194805194805
#4FA4E5	#4FA4E5	0.848484848484849	0.283549783549783	1	0.833333333333333	0.863636363636364	0.261904761904762	0.305194805194805
#4FA4E5	#4FA4E5	0.878787878787879	0.283549783549783	1	0.863636363636364	0.893939393939394	0.261904761904762	0.305194805194805
#4FA4E5	#4FA4E5	0.878787878787879	0.283549783549783	1	0.863636363636364	0.893939393939394	0.261904761904762	0.305194805194805
#4FA4E5	#4FA4E5	0.878787878787879	0.283549783549783	1	0.863636363636364	0.893939393939394	0.261904761904762	0.305194805194805
#51A8EB	#51A8EB	0.909090909090909	0.283549783549783	1	0.893939393939394	0.924242424242424	0.261904761904762	0.305194805194805
#51A8EB	#51A8EB	0.909090909090909	0.283549783549783	1	0.893939393939394	0.924242424242424	0.261904761904762	0.305194805194805
#51A8EB	#51A8EB	0.909090909090909	0.283549783549783	1	0.893939393939394	0.924242424242424	0.261904761904762	0.305194805194805
#51A8EB	#51A8EB	0.939393939393939	0.283549783549783	1	0.924242424242424	0.954545454545455	0.261904761904762	0.305194805194805
#4FA4E5	#4FA4E5	0.0606060606060606	0.326839826839827	1	0.0454545454545455	0.0757575757575758	0.305194805194805	0.348484848484848
#4D9FDF	#4D9FDF	0.0606060606060606	0.326839826839827	1	0.0454545454545455	0.0757575757575758	0.305194805194805	0.348484848484848
#4D9FDF	#4D9FDF	0.0909090909090909	0.326839826839827	1	0.0757575757575758	0.106060606060606	0.305194805194805	0.348484848484848
#4D9FDF	#4D9FDF	0.0909090909090909	0.326839826839827	1	0.0757575757575758	0.106060606060606	0.305194805194805	0.348484848484848
#4B9BD9	#4B9BD9	0.0909090909090909	0.326839826839827	1	0.0757575757575758	0.106060606060606	0.305194805194805	0.348484848484848
#4B9BD9	#4B9BD9	0.121212121212121	0.326839826839827	1	0.106060606060606	0.136363636363636	0.305194805194805	0.348484848484848
#4997D4	#4997D4	0.121212121212121	0.326839826839827	1	0.106060606060606	0.136363636363636	0.305194805194805	0.348484848484848
#458EC9	#458EC9	0.121212121212121	0.326839826839827	1	0.106060606060606	0.136363636363636	0.305194805194805	0.348484848484848
#438AC3	#438AC3	0.151515151515152	0.326839826839827	1	0.136363636363636	0.166666666666667	0.305194805194805	0.348484848484848
#4086BE	#4086BE	0.151515151515152	0.326839826839827	1	0.136363636363636	0.166666666666667	0.305194805194805	0.348484848484848
#3C7EB3	#3C7EB3	0.151515151515152	0.326839826839827	1	0.136363636363636	0.166666666666667	0.305194805194805	0.348484848484848
#3672A2	#3672A2	0.181818181818182	0.326839826839827	1	0.166666666666667	0.196969696969697	0.305194805194805	0.348484848484848
#326A97	#326A97	0.181818181818182	0.326839826839827	1	0.166666666666667	0.196969696969697	0.305194805194805	0.348484848484848
#2E628D	#2E628D	0.181818181818182	0.326839826839827	1	0.166666666666667	0.196969696969697	0.305194805194805	0.348484848484848
#2A5A82	#2A5A82	0.212121212121212	0.326839826839827	1	0.196969696969697	0.227272727272727	0.305194805194805	0.348484848484848
#2A5A82	#2A5A82	0.212121212121212	0.326839826839827	1	0.196969696969697	0.227272727272727	0.305194805194805	0.348484848484848
#2A5A82	#2A5A82	0.212121212121212	0.326839826839827	1	0.196969696969697	0.227272727272727	0.305194805194805	0.348484848484848
#2A5A82	#2A5A82	0.242424242424242	0.326839826839827	1	0.227272727272727	0.257575757575758	0.305194805194805	0.348484848484848
#28567D	#28567D	0.242424242424242	0.326839826839827	1	0.227272727272727	0.257575757575758	0.305194805194805	0.348484848484848
#275278	#275278	0.242424242424242	0.326839826839827	1	0.227272727272727	0.257575757575758	0.305194805194805	0.348484848484848
#254F73	#254F73	0.272727272727273	0.326839826839827	1	0.257575757575758	0.287878787878788	0.305194805194805	0.348484848484848
#234B6E	#234B6E	0.272727272727273	0.326839826839827	1	0.257575757575758	0.287878787878788	0.305194805194805	0.348484848484848
#234B6E	#234B6E	0.272727272727273	0.326839826839827	1	0.257575757575758	0.287878787878788	0.305194805194805	0.348484848484848
#214769	#214769	0.303030303030303	0.326839826839827	1	0.287878787878788	0.318181818181818	0.305194805194805	0.348484848484848
#214769	#214769	0.303030303030303	0.326839826839827	1	0.287878787878788	0.318181818181818	0.305194805194805	0.348484848484848
#214769	#214769	0.303030303030303	0.326839826839827	1	0.287878787878788	0.318181818181818	0.305194805194805	0.348484848484848
#214769	#214769	0.333333333333333	0.326839826839827	1	0.318181818181818	0.348484848484849	0.305194805194805	0.348484848484848
#234B6E	#234B6E	0.333333333333333	0.326839826839827	1	0.318181818181818	0.348484848484849	0.305194805194805	0.348484848484848
#254F73	#254F73	0.333333333333333	0.326839826839827	1	0.318181818181818	0.348484848484849	0.305194805194805	0.348484848484848
#275278	#275278	0.363636363636364	0.326839826839827	1	0.348484848484849	0.378787878787879	0.305194805194805	0.348484848484848
#28567D	#28567D	0.363636363636364	0.326839826839827	1	0.348484848484849	0.378787878787879	0.305194805194805	0.348484848484848
#2A5A82	#2A5A82	0.363636363636364	0.326839826839827	1	0.348484848484849	0.378787878787879	0.305194805194805	0.348484848484848
#2C5E88	#2C5E88	0.393939393939394	0.326839826839827	1	0.378787878787879	0.409090909090909	0.305194805194805	0.348484848484848
#2E628D	#2E628D	0.393939393939394	0.326839826839827	1	0.378787878787879	0.409090909090909	0.305194805194805	0.348484848484848
#2E628D	#2E628D	0.393939393939394	0.326839826839827	1	0.378787878787879	0.409090909090909	0.305194805194805	0.348484848484848
#2E628D	#2E628D	0.424242424242424	0.326839826839827	1	0.409090909090909	0.439393939393939	0.305194805194805	0.348484848484848
#306692	#306692	0.424242424242424	0.326839826839827	1	0.409090909090909	0.439393939393939	0.305194805194805	0.348484848484848
#306692	#306692	0.424242424242424	0.326839826839827	1	0.409090909090909	0.439393939393939	0.305194805194805	0.348484848484848
#306692	#306692	0.454545454545455	0.326839826839827	1	0.439393939393939	0.46969696969697	0.305194805194805	0.348484848484848
#306692	#306692	0.454545454545455	0.326839826839827	1	0.439393939393939	0.46969696969697	0.305194805194805	0.348484848484848
#326A97	#326A97	0.454545454545455	0.326839826839827	1	0.439393939393939	0.46969696969697	0.305194805194805	0.348484848484848
#326A97	#326A97	0.484848484848485	0.326839826839827	1	0.46969696969697	0.5	0.305194805194805	0.348484848484848
#326A97	#326A97	0.484848484848485	0.326839826839827	1	0.46969696969697	0.5	0.305194805194805	0.348484848484848
#326A97	#326A97	0.484848484848485	0.326839826839827	1	0.46969696969697	0.5	0.305194805194805	0.348484848484848
#326A97	#326A97	0.515151515151515	0.326839826839827	1	0.5	0.53030303030303	0.305194805194805	0.348484848484848
#326A97	#326A97	0.515151515151515	0.326839826839827	1	0.5	0.53030303030303	0.305194805194805	0.348484848484848
#326A97	#326A97	0.515151515151515	0.326839826839827	1	0.5	0.53030303030303	0.305194805194805	0.348484848484848
#306692	#306692	0.545454545454545	0.326839826839827	1	0.53030303030303	0.560606060606061	0.305194805194805	0.348484848484848
#306692	#306692	0.545454545454545	0.326839826839827	1	0.53030303030303	0.560606060606061	0.305194805194805	0.348484848484848
#306692	#306692	0.545454545454545	0.326839826839827	1	0.53030303030303	0.560606060606061	0.305194805194805	0.348484848484848
#306692	#306692	0.575757575757576	0.326839826839827	1	0.560606060606061	0.590909090909091	0.305194805194805	0.348484848484848
#306692	#306692	0.575757575757576	0.326839826839827	1	0.560606060606061	0.590909090909091	0.305194805194805	0.348484848484848
#306692	#306692	0.575757575757576	0.326839826839827	1	0.560606060606061	0.590909090909091	0.305194805194805	0.348484848484848
#306692	#306692	0.606060606060606	0.326839826839827	1	0.590909090909091	0.621212121212121	0.305194805194805	0.348484848484848
#306692	#306692	0.606060606060606	0.326839826839827	1	0.590909090909091	0.621212121212121	0.305194805194805	0.348484848484848
#306692	#306692	0.606060606060606	0.326839826839827	1	0.590909090909091	0.621212121212121	0.305194805194805	0.348484848484848
#306692	#306692	0.636363636363636	0.326839826839827	1	0.621212121212121	0.651515151515151	0.305194805194805	0.348484848484848
#306692	#306692	0.636363636363636	0.326839826839827	1	0.621212121212121	0.651515151515151	0.305194805194805	0.348484848484848
#306692	#306692	0.636363636363636	0.326839826839827	1	0.621212121212121	0.651515151515151	0.305194805194805	0.348484848484848
#2E628D	#2E628D	0.666666666666667	0.326839826839827	1	0.651515151515151	0.681818181818182	0.305194805194805	0.348484848484848
#2E628D	#2E628D	0.666666666666667	0.326839826839827	1	0.651515151515151	0.681818181818182	0.305194805194805	0.348484848484848
#2E628D	#2E628D	0.666666666666667	0.326839826839827	1	0.651515151515151	0.681818181818182	0.305194805194805	0.348484848484848
#2E628D	#2E628D	0.696969696969697	0.326839826839827	1	0.681818181818182	0.712121212121212	0.305194805194805	0.348484848484848
#2E628D	#2E628D	0.696969696969697	0.326839826839827	1	0.681818181818182	0.712121212121212	0.305194805194805	0.348484848484848
#2E628D	#2E628D	0.696969696969697	0.326839826839827	1	0.681818181818182	0.712121212121212	0.305194805194805	0.348484848484848
#2E628D	#2E628D	0.727272727272727	0.326839826839827	1	0.712121212121212	0.742424242424242	0.305194805194805	0.348484848484848
#306692	#306692	0.727272727272727	0.326839826839827	1	0.712121212121212	0.742424242424242	0.305194805194805	0.348484848484848
#326A97	#326A97	0.727272727272727	0.326839826839827	1	0.712121212121212	0.742424242424242	0.305194805194805	0.348484848484848
#346E9D	#346E9D	0.757575757575758	0.326839826839827	1	0.742424242424242	0.772727272727273	0.305194805194805	0.348484848484848
#346E9D	#346E9D	0.757575757575758	0.326839826839827	1	0.742424242424242	0.772727272727273	0.305194805194805	0.348484848484848
#3876A8	#3876A8	0.757575757575758	0.326839826839827	1	0.742424242424242	0.772727272727273	0.305194805194805	0.348484848484848
#3C7EB3	#3C7EB3	0.787878787878788	0.326839826839827	1	0.772727272727273	0.803030303030303	0.305194805194805	0.348484848484848
#4086BE	#4086BE	0.787878787878788	0.326839826839827	1	0.772727272727273	0.803030303030303	0.305194805194805	0.348484848484848
#458EC9	#458EC9	0.787878787878788	0.326839826839827	1	0.772727272727273	0.803030303030303	0.305194805194805	0.348484848484848
#4B9BD9	#4B9BD9	0.818181818181818	0.326839826839827	1	0.803030303030303	0.833333333333333	0.305194805194805	0.348484848484848
#4B9BD9	#4B9BD9	0.818181818181818	0.326839826839827	1	0.803030303030303	0.833333333333333	0.305194805194805	0.348484848484848
#4D9FDF	#4D9FDF	0.818181818181818	0.326839826839827	1	0.803030303030303	0.833333333333333	0.305194805194805	0.348484848484848
#4FA4E5	#4FA4E5	0.848484848484849	0.326839826839827	1	0.833333333333333	0.863636363636364	0.305194805194805	0.348484848484848
#4FA4E5	#4FA4E5	0.848484848484849	0.326839826839827	1	0.833333333333333	0.863636363636364	0.305194805194805	0.348484848484848
#4FA4E5	#4FA4E5	0.848484848484849	0.326839826839827	1	0.833333333333333	0.863636363636364	0.305194805194805	0.348484848484848
#4FA4E5	#4FA4E5	0.878787878787879	0.326839826839827	1	0.863636363636364	0.893939393939394	0.305194805194805	0.348484848484848
#51A8EB	#51A8EB	0.878787878787879	0.326839826839827	1	0.863636363636364	0.893939393939394	0.305194805194805	0.348484848484848
#51A8EB	#51A8EB	0.878787878787879	0.326839826839827	1	0.863636363636364	0.893939393939394	0.305194805194805	0.348484848484848
#51A8EB	#51A8EB	0.909090909090909	0.326839826839827	1	0.893939393939394	0.924242424242424	0.305194805194805	0.348484848484848
#51A8EB	#51A8EB	0.909090909090909	0.326839826839827	1	0.893939393939394	0.924242424242424	0.305194805194805	0.348484848484848
#51A8EB	#51A8EB	0.909090909090909	0.326839826839827	1	0.893939393939394	0.924242424242424	0.305194805194805	0.348484848484848
#51A8EB	#51A8EB	0.939393939393939	0.326839826839827	1	0.924242424242424	0.954545454545455	0.305194805194805	0.348484848484848
#4FA4E5	#4FA4E5	0.0606060606060606	0.326839826839827	1	0.0454545454545455	0.0757575757575758	0.305194805194805	0.348484848484848
#4FA4E5	#4FA4E5	0.0606060606060606	0.326839826839827	1	0.0454545454545455	0.0757575757575758	0.305194805194805	0.348484848484848
#4D9FDF	#4D9FDF	0.0909090909090909	0.326839826839827	1	0.0757575757575758	0.106060606060606	0.305194805194805	0.348484848484848
#4D9FDF	#4D9FDF	0.0909090909090909	0.326839826839827	1	0.0757575757575758	0.106060606060606	0.305194805194805	0.348484848484848
#4B9BD9	#4B9BD9	0.0909090909090909	0.326839826839827	1	0.0757575757575758	0.106060606060606	0.305194805194805	0.348484848484848
#4B9BD9	#4B9BD9	0.121212121212121	0.326839826839827	1	0.106060606060606	0.136363636363636	0.305194805194805	0.348484848484848
#4793CE	#4793CE	0.121212121212121	0.326839826839827	1	0.106060606060606	0.136363636363636	0.305194805194805	0.348484848484848
#458EC9	#458EC9	0.121212121212121	0.326839826839827	1	0.106060606060606	0.136363636363636	0.305194805194805	0.348484848484848
#4086BE	#4086BE	0.151515151515152	0.326839826839827	1	0.136363636363636	0.166666666666667	0.305194805194805	0.348484848484848
#3E82B8	#3E82B8	0.151515151515152	0.326839826839827	1	0.136363636363636	0.166666666666667	0.305194805194805	0.348484848484848
#3A7AAD	#3A7AAD	0.151515151515152	0.326839826839827	1	0.136363636363636	0.166666666666667	0.305194805194805	0.348484848484848
#346E9D	#346E9D	0.181818181818182	0.326839826839827	1	0.166666666666667	0.196969696969697	0.305194805194805	0.348484848484848
#2E628D	#2E628D	0.181818181818182	0.326839826839827	1	0.166666666666667	0.196969696969697	0.305194805194805	0.348484848484848
#2A5A82	#2A5A82	0.181818181818182	0.326839826839827	1	0.166666666666667	0.196969696969697	0.305194805194805	0.348484848484848
#28567D	#28567D	0.212121212121212	0.326839826839827	1	0.196969696969697	0.227272727272727	0.305194805194805	0.348484848484848
#28567D	#28567D	0.212121212121212	0.326839826839827	1	0.196969696969697	0.227272727272727	0.305194805194805	0.348484848484848
#28567D	#28567D	0.212121212121212	0.326839826839827	1	0.196969696969697	0.227272727272727	0.305194805194805	0.348484848484848
#275278	#275278	0.242424242424242	0.326839826839827	1	0.227272727272727	0.257575757575758	0.305194805194805	0.348484848484848
#254F73	#254F73	0.242424242424242	0.326839826839827	1	0.227272727272727	0.257575757575758	0.305194805194805	0.348484848484848
#234B6E	#234B6E	0.242424242424242	0.326839826839827	1	0.227272727272727	0.257575757575758	0.305194805194805	0.348484848484848
#214769	#214769	0.272727272727273	0.326839826839827	1	0.257575757575758	0.287878787878788	0.305194805194805	0.348484848484848
#214769	#214769	0.272727272727273	0.326839826839827	1	0.257575757575758	0.287878787878788	0.305194805194805	0.348484848484848
#214769	#214769	0.272727272727273	0.326839826839827	1	0.257575757575758	0.287878787878788	0.305194805194805	0.348484848484848
#1F4364	#1F4364	0.303030303030303	0.326839826839827	1	0.287878787878788	0.318181818181818	0.305194805194805	0.348484848484848
#1F4364	#1F4364	0.303030303030303	0.326839826839827	1	0.287878787878788	0.318181818181818	0.305194805194805	0.348484848484848
#1F4364	#1F4364	0.303030303030303	0.326839826839827	1	0.287878787878788	0.318181818181818	0.305194805194805	0.348484848484848
#1F4364	#1F4364	0.333333333333333	0.326839826839827	1	0.318181818181818	0.348484848484849	0.305194805194805	0.348484848484848
#214769	#214769	0.333333333333333	0.326839826839827	1	0.318181818181818	0.348484848484849	0.305194805194805	0.348484848484848
#214769	#214769	0.333333333333333	0.326839826839827	1	0.318181818181818	0.348484848484849	0.305194805194805	0.348484848484848
#234B6E	#234B6E	0.363636363636364	0.326839826839827	1	0.348484848484849	0.378787878787879	0.305194805194805	0.348484848484848
#275278	#275278	0.363636363636364	0.326839826839827	1	0.348484848484849	0.378787878787879	0.305194805194805	0.348484848484848
#28567D	#28567D	0.363636363636364	0.326839826839827	1	0.348484848484849	0.378787878787879	0.305194805194805	0.348484848484848
#2A5A82	#2A5A82	0.393939393939394	0.326839826839827	1	0.378787878787879	0.409090909090909	0.305194805194805	0.348484848484848
#2C5E88	#2C5E88	0.393939393939394	0.326839826839827	1	0.378787878787879	0.409090909090909	0.305194805194805	0.348484848484848
#2C5E88	#2C5E88	0.393939393939394	0.326839826839827	1	0.378787878787879	0.409090909090909	0.305194805194805	0.348484848484848
#2C5E88	#2C5E88	0.424242424242424	0.326839826839827	1	0.409090909090909	0.439393939393939	0.305194805194805	0.348484848484848
#2C5E88	#2C5E88	0.424242424242424	0.326839826839827	1	0.409090909090909	0.439393939393939	0.305194805194805	0.348484848484848
#2E628D	#2E628D	0.424242424242424	0.326839826839827	1	0.409090909090909	0.439393939393939	0.305194805194805	0.348484848484848
#2E628D	#2E628D	0.454545454545455	0.326839826839827	1	0.439393939393939	0.46969696969697	0.305194805194805	0.348484848484848
#2E628D	#2E628D	0.454545454545455	0.326839826839827	1	0.439393939393939	0.46969696969697	0.305194805194805	0.348484848484848
#306692	#306692	0.454545454545455	0.326839826839827	1	0.439393939393939	0.46969696969697	0.305194805194805	0.348484848484848
#306692	#306692	0.484848484848485	0.326839826839827	1	0.46969696969697	0.5	0.305194805194805	0.348484848484848
#306692	#306692	0.484848484848485	0.326839826839827	1	0.46969696969697	0.5	0.305194805194805	0.348484848484848
#306692	#306692	0.484848484848485	0.326839826839827	1	0.46969696969697	0.5	0.305194805194805	0.348484848484848
#306692	#306692	0.515151515151515	0.326839826839827	1	0.5	0.53030303030303	0.305194805194805	0.348484848484848
#306692	#306692	0.515151515151515	0.326839826839827	1	0.5	0.53030303030303	0.305194805194805	0.348484848484848
#306692	#306692	0.515151515151515	0.326839826839827	1	0.5	0.53030303030303	0.305194805194805	0.348484848484848
#306692	#306692	0.545454545454545	0.326839826839827	1	0.53030303030303	0.560606060606061	0.305194805194805	0.348484848484848
#2E628D	#2E628D	0.545454545454545	0.326839826839827	1	0.53030303030303	0.560606060606061	0.305194805194805	0.348484848484848
#2E628D	#2E628D	0.545454545454545	0.326839826839827	1	0.53030303030303	0.560606060606061	0.305194805194805	0.348484848484848
#2E628D	#2E628D	0.575757575757576	0.326839826839827	1	0.560606060606061	0.590909090909091	0.305194805194805	0.348484848484848
#2E628D	#2E628D	0.575757575757576	0.326839826839827	1	0.560606060606061	0.590909090909091	0.305194805194805	0.348484848484848
#2E628D	#2E628D	0.575757575757576	0.326839826839827	1	0.560606060606061	0.590909090909091	0.305194805194805	0.348484848484848
#2E628D	#2E628D	0.606060606060606	0.326839826839827	1	0.590909090909091	0.621212121212121	0.305194805194805	0.348484848484848
#2E628D	#2E628D	0.606060606060606	0.326839826839827	1	0.590909090909091	0.621212121212121	0.305194805194805	0.348484848484848
#2E628D	#2E628D	0.606060606060606	0.326839826839827	1	0.590909090909091	0.621212121212121	0.305194805194805	0.348484848484848
#2E628D	#2E628D	0.636363636363636	0.326839826839827	1	0.621212121212121	0.651515151515151	0.305194805194805	0.348484848484848
#2E628D	#2E628D	0.636363636363636	0.326839826839827	1	0.621212121212121	0.651515151515151	0.305194805194805	0.348484848484848
#2E628D	#2E628D	0.636363636363636	0.326839826839827	1	0.621212121212121	0.651515151515151	0.305194805194805	0.348484848484848
#2E628D	#2E628D	0.666666666666667	0.326839826839827	1	0.651515151515151	0.681818181818182	0.305194805194805	0.348484848484848
#2E628D	#2E628D	0.666666666666667	0.326839826839827	1	0.651515151515151	0.681818181818182	0.305194805194805	0.348484848484848
#2E628D	#2E628D	0.666666666666667	0.326839826839827	1	0.651515151515151	0.681818181818182	0.305194805194805	0.348484848484848
#2E628D	#2E628D	0.696969696969697	0.326839826839827	1	0.681818181818182	0.712121212121212	0.305194805194805	0.348484848484848
#2E628D	#2E628D	0.696969696969697	0.326839826839827	1	0.681818181818182	0.712121212121212	0.305194805194805	0.348484848484848
#2E628D	#2E628D	0.696969696969697	0.326839826839827	1	0.681818181818182	0.712121212121212	0.305194805194805	0.348484848484848
#2E628D	#2E628D	0.727272727272727	0.326839826839827	1	0.712121212121212	0.742424242424242	0.305194805194805	0.348484848484848
#306692	#306692	0.727272727272727	0.326839826839827	1	0.712121212121212	0.742424242424242	0.305194805194805	0.348484848484848
#306692	#306692	0.727272727272727	0.326839826839827	1	0.712121212121212	0.742424242424242	0.305194805194805	0.348484848484848
#326A97	#326A97	0.757575757575758	0.326839826839827	1	0.742424242424242	0.772727272727273	0.305194805194805	0.348484848484848
#346E9D	#346E9D	0.757575757575758	0.326839826839827	1	0.742424242424242	0.772727272727273	0.305194805194805	0.348484848484848
#3672A2	#3672A2	0.757575757575758	0.326839826839827	1	0.742424242424242	0.772727272727273	0.305194805194805	0.348484848484848
#3A7AAD	#3A7AAD	0.787878787878788	0.326839826839827	1	0.772727272727273	0.803030303030303	0.305194805194805	0.348484848484848
#4086BE	#4086BE	0.787878787878788	0.326839826839827	1	0.772727272727273	0.803030303030303	0.305194805194805	0.348484848484848
#458EC9	#458EC9	0.787878787878788	0.326839826839827	1	0.772727272727273	0.803030303030303	0.305194805194805	0.348484848484848
#4997D4	#4997D4	0.818181818181818	0.326839826839827	1	0.803030303030303	0.833333333333333	0.305194805194805	0.348484848484848
#4B9BD9	#4B9BD9	0.818181818181818	0.326839826839827	1	0.803030303030303	0.833333333333333	0.305194805194805	0.348484848484848
#4D9FDF	#4D9FDF	0.818181818181818	0.326839826839827	1	0.803030303030303	0.833333333333333	0.305194805194805	0.348484848484848
#4FA4E5	#4FA4E5	0.848484848484849	0.326839826839827	1	0.833333333333333	0.863636363636364	0.305194805194805	0.348484848484848
#4FA4E5	#4FA4E5	0.848484848484849	0.326839826839827	1	0.833333333333333	0.863636363636364	0.305194805194805	0.348484848484848
#51A8EB	#51A8EB	0.848484848484849	0.326839826839827	1	0.833333333333333	0.863636363636364	0.305194805194805	0.348484848484848
#51A8EB	#51A8EB	0.878787878787879	0.326839826839827	1	0.863636363636364	0.893939393939394	0.305194805194805	0.348484848484848
#51A8EB	#51A8EB	0.878787878787879	0.326839826839827	1	0.863636363636364	0.893939393939394	0.305194805194805	0.348484848484848
#51A8EB	#51A8EB	0.878787878787879	0.326839826839827	1	0.863636363636364	0.893939393939394	0.305194805194805	0.348484848484848
#51A8EB	#51A8EB	0.909090909090909	0.326839826839827	1	0.893939393939394	0.924242424242424	0.305194805194805	0.348484848484848
#51A8EB	#51A8EB	0.909090909090909	0.326839826839827	1	0.893939393939394	0.924242424242424	0.305194805194805	0.348484848484848
#51A8EB	#51A8EB	0.909090909090909	0.326839826839827	1	0.893939393939394	0.924242424242424	0.305194805194805	0.348484848484848
#51A8EB	#51A8EB	0.939393939393939	0.326839826839827	1	0.924242424242424	0.954545454545455	0.305194805194805	0.348484848484848
#4FA4E5	#4FA4E5	0.0606060606060606	0.326839826839827	1	0.0454545454545455	0.0757575757575758	0.305194805194805	0.348484848484848
#4FA4E5	#4FA4E5	0.0606060606060606	0.326839826839827	1	0.0454545454545455	0.0757575757575758	0.305194805194805	0.348484848484848
#4FA4E5	#4FA4E5	0.0909090909090909	0.326839826839827	1	0.0757575757575758	0.106060606060606	0.305194805194805	0.348484848484848
#4D9FDF	#4D9FDF	0.0909090909090909	0.326839826839827	1	0.0757575757575758	0.106060606060606	0.305194805194805	0.348484848484848
#4B9BD9	#4B9BD9	0.0909090909090909	0.326839826839827	1	0.0757575757575758	0.106060606060606	0.305194805194805	0.348484848484848
#4997D4	#4997D4	0.121212121212121	0.326839826839827	1	0.106060606060606	0.136363636363636	0.305194805194805	0.348484848484848
#4793CE	#4793CE	0.121212121212121	0.326839826839827	1	0.106060606060606	0.136363636363636	0.305194805194805	0.348484848484848
#438AC3	#438AC3	0.121212121212121	0.326839826839827	1	0.106060606060606	0.136363636363636	0.305194805194805	0.348484848484848
#4086BE	#4086BE	0.151515151515152	0.326839826839827	1	0.136363636363636	0.166666666666667	0.305194805194805	0.348484848484848
#3C7EB3	#3C7EB3	0.151515151515152	0.326839826839827	1	0.136363636363636	0.166666666666667	0.305194805194805	0.348484848484848
#3876A8	#3876A8	0.151515151515152	0.326839826839827	1	0.136363636363636	0.166666666666667	0.305194805194805	0.348484848484848
#326A97	#326A97	0.181818181818182	0.326839826839827	1	0.166666666666667	0.196969696969697	0.305194805194805	0.348484848484848
#2C5E88	#2C5E88	0.181818181818182	0.326839826839827	1	0.166666666666667	0.196969696969697	0.305194805194805	0.348484848484848
#28567D	#28567D	0.181818181818182	0.326839826839827	1	0.166666666666667	0.196969696969697	0.305194805194805	0.348484848484848
#275278	#275278	0.212121212121212	0.326839826839827	1	0.196969696969697	0.227272727272727	0.305194805194805	0.348484848484848
#254F73	#254F73	0.212121212121212	0.326839826839827	1	0.196969696969697	0.227272727272727	0.305194805194805	0.348484848484848
#254F73	#254F73	0.212121212121212	0.326839826839827	1	0.196969696969697	0.227272727272727	0.305194805194805	0.348484848484848
#234B6E	#234B6E	0.242424242424242	0.326839826839827	1	0.227272727272727	0.257575757575758	0.305194805194805	0.348484848484848
#214769	#214769	0.242424242424242	0.326839826839827	1	0.227272727272727	0.257575757575758	0.305194805194805	0.348484848484848
#214769	#214769	0.242424242424242	0.326839826839827	1	0.227272727272727	0.257575757575758	0.305194805194805	0.348484848484848
#1F4364	#1F4364	0.272727272727273	0.326839826839827	1	0.257575757575758	0.287878787878788	0.305194805194805	0.348484848484848
#1F4364	#1F4364	0.272727272727273	0.326839826839827	1	0.257575757575758	0.287878787878788	0.305194805194805	0.348484848484848
#1D405F	#1D405F	0.272727272727273	0.326839826839827	1	0.257575757575758	0.287878787878788	0.305194805194805	0.348484848484848
#1D405F	#1D405F	0.303030303030303	0.326839826839827	1	0.287878787878788	0.318181818181818	0.305194805194805	0.348484848484848
#1D405F	#1D405F	0.303030303030303	0.326839826839827	1	0.287878787878788	0.318181818181818	0.305194805194805	0.348484848484848
#1D405F	#1D405F	0.303030303030303	0.326839826839827	1	0.287878787878788	0.318181818181818	0.305194805194805	0.348484848484848
#1D405F	#1D405F	0.333333333333333	0.326839826839827	1	0.318181818181818	0.348484848484849	0.305194805194805	0.348484848484848
#1D405F	#1D405F	0.333333333333333	0.326839826839827	1	0.318181818181818	0.348484848484849	0.305194805194805	0.348484848484848
#1F4364	#1F4364	0.333333333333333	0.326839826839827	1	0.318181818181818	0.348484848484849	0.305194805194805	0.348484848484848
#214769	#214769	0.363636363636364	0.326839826839827	1	0.348484848484849	0.378787878787879	0.305194805194805	0.348484848484848
#234B6E	#234B6E	0.363636363636364	0.326839826839827	1	0.348484848484849	0.378787878787879	0.305194805194805	0.348484848484848
#275278	#275278	0.363636363636364	0.326839826839827	1	0.348484848484849	0.378787878787879	0.305194805194805	0.348484848484848
#28567D	#28567D	0.393939393939394	0.326839826839827	1	0.378787878787879	0.409090909090909	0.305194805194805	0.348484848484848
#2A5A82	#2A5A82	0.393939393939394	0.326839826839827	1	0.378787878787879	0.409090909090909	0.305194805194805	0.348484848484848
#2A5A82	#2A5A82	0.393939393939394	0.326839826839827	1	0.378787878787879	0.409090909090909	0.305194805194805	0.348484848484848
#2A5A82	#2A5A82	0.424242424242424	0.326839826839827	1	0.409090909090909	0.439393939393939	0.305194805194805	0.348484848484848
#2A5A82	#2A5A82	0.424242424242424	0.326839826839827	1	0.409090909090909	0.439393939393939	0.305194805194805	0.348484848484848
#2A5A82	#2A5A82	0.424242424242424	0.326839826839827	1	0.409090909090909	0.439393939393939	0.305194805194805	0.348484848484848
#2A5A82	#2A5A82	0.454545454545455	0.326839826839827	1	0.439393939393939	0.46969696969697	0.305194805194805	0.348484848484848
#2C5E88	#2C5E88	0.454545454545455	0.326839826839827	1	0.439393939393939	0.46969696969697	0.305194805194805	0.348484848484848
#2E628D	#2E628D	0.454545454545455	0.326839826839827	1	0.439393939393939	0.46969696969697	0.305194805194805	0.348484848484848
#2E628D	#2E628D	0.484848484848485	0.326839826839827	1	0.46969696969697	0.5	0.305194805194805	0.348484848484848
#2E628D	#2E628D	0.484848484848485	0.326839826839827	1	0.46969696969697	0.5	0.305194805194805	0.348484848484848
#2E628D	#2E628D	0.484848484848485	0.326839826839827	1	0.46969696969697	0.5	0.305194805194805	0.348484848484848
#2E628D	#2E628D	0.515151515151515	0.326839826839827	1	0.5	0.53030303030303	0.305194805194805	0.348484848484848
#2E628D	#2E628D	0.515151515151515	0.326839826839827	1	0.5	0.53030303030303	0.305194805194805	0.348484848484848
#2E628D	#2E628D	0.515151515151515	0.326839826839827	1	0.5	0.53030303030303	0.305194805194805	0.348484848484848
#2C5E88	#2C5E88	0.545454545454545	0.326839826839827	1	0.53030303030303	0.560606060606061	0.305194805194805	0.348484848484848
#2A5A82	#2A5A82	0.545454545454545	0.326839826839827	1	0.53030303030303	0.560606060606061	0.305194805194805	0.348484848484848
#2A5A82	#2A5A82	0.545454545454545	0.326839826839827	1	0.53030303030303	0.560606060606061	0.305194805194805	0.348484848484848
#2A5A82	#2A5A82	0.575757575757576	0.326839826839827	1	0.560606060606061	0.590909090909091	0.305194805194805	0.348484848484848
#2A5A82	#2A5A82	0.575757575757576	0.326839826839827	1	0.560606060606061	0.590909090909091	0.305194805194805	0.348484848484848
#2C5E88	#2C5E88	0.575757575757576	0.326839826839827	1	0.560606060606061	0.590909090909091	0.305194805194805	0.348484848484848
#2C5E88	#2C5E88	0.606060606060606	0.326839826839827	1	0.590909090909091	0.621212121212121	0.305194805194805	0.348484848484848
#2E628D	#2E628D	0.606060606060606	0.326839826839827	1	0.590909090909091	0.621212121212121	0.305194805194805	0.348484848484848
#2E628D	#2E628D	0.606060606060606	0.326839826839827	1	0.590909090909091	0.621212121212121	0.305194805194805	0.348484848484848
#2E628D	#2E628D	0.636363636363636	0.326839826839827	1	0.621212121212121	0.651515151515151	0.305194805194805	0.348484848484848
#2E628D	#2E628D	0.636363636363636	0.326839826839827	1	0.621212121212121	0.651515151515151	0.305194805194805	0.348484848484848
#2E628D	#2E628D	0.636363636363636	0.326839826839827	1	0.621212121212121	0.651515151515151	0.305194805194805	0.348484848484848
#2E628D	#2E628D	0.666666666666667	0.326839826839827	1	0.651515151515151	0.681818181818182	0.305194805194805	0.348484848484848
#2E628D	#2E628D	0.666666666666667	0.326839826839827	1	0.651515151515151	0.681818181818182	0.305194805194805	0.348484848484848
#2E628D	#2E628D	0.666666666666667	0.326839826839827	1	0.651515151515151	0.681818181818182	0.305194805194805	0.348484848484848
#2E628D	#2E628D	0.696969696969697	0.326839826839827	1	0.681818181818182	0.712121212121212	0.305194805194805	0.348484848484848
#2E628D	#2E628D	0.696969696969697	0.326839826839827	1	0.681818181818182	0.712121212121212	0.305194805194805	0.348484848484848
#2E628D	#2E628D	0.696969696969697	0.326839826839827	1	0.681818181818182	0.712121212121212	0.305194805194805	0.348484848484848
#2E628D	#2E628D	0.727272727272727	0.326839826839827	1	0.712121212121212	0.742424242424242	0.305194805194805	0.348484848484848
#2E628D	#2E628D	0.727272727272727	0.326839826839827	1	0.712121212121212	0.742424242424242	0.305194805194805	0.348484848484848
#306692	#306692	0.727272727272727	0.326839826839827	1	0.712121212121212	0.742424242424242	0.305194805194805	0.348484848484848
#326A97	#326A97	0.757575757575758	0.326839826839827	1	0.742424242424242	0.772727272727273	0.305194805194805	0.348484848484848
#346E9D	#346E9D	0.757575757575758	0.326839826839827	1	0.742424242424242	0.772727272727273	0.305194805194805	0.348484848484848
#3672A2	#3672A2	0.757575757575758	0.326839826839827	1	0.742424242424242	0.772727272727273	0.305194805194805	0.348484848484848
#3A7AAD	#3A7AAD	0.787878787878788	0.326839826839827	1	0.772727272727273	0.803030303030303	0.305194805194805	0.348484848484848
#3E82B8	#3E82B8	0.787878787878788	0.326839826839827	1	0.772727272727273	0.803030303030303	0.305194805194805	0.348484848484848
#438AC3	#438AC3	0.787878787878788	0.326839826839827	1	0.772727272727273	0.803030303030303	0.305194805194805	0.348484848484848
#4997D4	#4997D4	0.818181818181818	0.326839826839827	1	0.803030303030303	0.833333333333333	0.305194805194805	0.348484848484848
#4B9BD9	#4B9BD9	0.818181818181818	0.326839826839827	1	0.803030303030303	0.833333333333333	0.305194805194805	0.348484848484848
#4D9FDF	#4D9FDF	0.818181818181818	0.326839826839827	1	0.803030303030303	0.833333333333333	0.305194805194805	0.348484848484848
#4FA4E5	#4FA4E5	0.848484848484849	0.326839826839827	1	0.833333333333333	0.863636363636364	0.305194805194805	0.348484848484848
#51A8EB	#51A8EB	0.848484848484849	0.326839826839827	1	0.833333333333333	0.863636363636364	0.305194805194805	0.348484848484848
#51A8EB	#51A8EB	0.848484848484849	0.326839826839827	1	0.833333333333333	0.863636363636364	0.305194805194805	0.348484848484848
#51A8EB	#51A8EB	0.878787878787879	0.326839826839827	1	0.863636363636364	0.893939393939394	0.305194805194805	0.348484848484848
#51A8EB	#51A8EB	0.878787878787879	0.326839826839827	1	0.863636363636364	0.893939393939394	0.305194805194805	0.348484848484848
#51A8EB	#51A8EB	0.878787878787879	0.326839826839827	1	0.863636363636364	0.893939393939394	0.305194805194805	0.348484848484848
#51A8EB	#51A8EB	0.909090909090909	0.326839826839827	1	0.893939393939394	0.924242424242424	0.305194805194805	0.348484848484848
#51A8EB	#51A8EB	0.909090909090909	0.326839826839827	1	0.893939393939394	0.924242424242424	0.305194805194805	0.348484848484848
#51A8EB	#51A8EB	0.909090909090909	0.326839826839827	1	0.893939393939394	0.924242424242424	0.305194805194805	0.348484848484848
#51A8EB	#51A8EB	0.939393939393939	0.326839826839827	1	0.924242424242424	0.954545454545455	0.305194805194805	0.348484848484848
#51A8EB	#51A8EB	0.0606060606060606	0.37012987012987	1	0.0454545454545455	0.0757575757575758	0.348484848484848	0.391774891774892
#4FA4E5	#4FA4E5	0.0606060606060606	0.37012987012987	1	0.0454545454545455	0.0757575757575758	0.348484848484848	0.391774891774892
#4FA4E5	#4FA4E5	0.0909090909090909	0.37012987012987	1	0.0757575757575758	0.106060606060606	0.348484848484848	0.391774891774892
#4D9FDF	#4D9FDF	0.0909090909090909	0.37012987012987	1	0.0757575757575758	0.106060606060606	0.348484848484848	0.391774891774892
#4B9BD9	#4B9BD9	0.0909090909090909	0.37012987012987	1	0.0757575757575758	0.106060606060606	0.348484848484848	0.391774891774892
#4997D4	#4997D4	0.121212121212121	0.37012987012987	1	0.106060606060606	0.136363636363636	0.348484848484848	0.391774891774892
#458EC9	#458EC9	0.121212121212121	0.37012987012987	1	0.106060606060606	0.136363636363636	0.348484848484848	0.391774891774892
#438AC3	#438AC3	0.121212121212121	0.37012987012987	1	0.106060606060606	0.136363636363636	0.348484848484848	0.391774891774892
#3E82B8	#3E82B8	0.151515151515152	0.37012987012987	1	0.136363636363636	0.166666666666667	0.348484848484848	0.391774891774892
#3A7AAD	#3A7AAD	0.151515151515152	0.37012987012987	1	0.136363636363636	0.166666666666667	0.348484848484848	0.391774891774892
#346E9D	#346E9D	0.151515151515152	0.37012987012987	1	0.136363636363636	0.166666666666667	0.348484848484848	0.391774891774892
#306692	#306692	0.181818181818182	0.37012987012987	1	0.166666666666667	0.196969696969697	0.348484848484848	0.391774891774892
#2C5E88	#2C5E88	0.181818181818182	0.37012987012987	1	0.166666666666667	0.196969696969697	0.348484848484848	0.391774891774892
#28567D	#28567D	0.181818181818182	0.37012987012987	1	0.166666666666667	0.196969696969697	0.348484848484848	0.391774891774892
#254F73	#254F73	0.212121212121212	0.37012987012987	1	0.196969696969697	0.227272727272727	0.348484848484848	0.391774891774892
#234B6E	#234B6E	0.212121212121212	0.37012987012987	1	0.196969696969697	0.227272727272727	0.348484848484848	0.391774891774892
#234B6E	#234B6E	0.212121212121212	0.37012987012987	1	0.196969696969697	0.227272727272727	0.348484848484848	0.391774891774892
#214769	#214769	0.242424242424242	0.37012987012987	1	0.227272727272727	0.257575757575758	0.348484848484848	0.391774891774892
#1F4364	#1F4364	0.242424242424242	0.37012987012987	1	0.227272727272727	0.257575757575758	0.348484848484848	0.391774891774892
#1F4364	#1F4364	0.242424242424242	0.37012987012987	1	0.227272727272727	0.257575757575758	0.348484848484848	0.391774891774892
#1D405F	#1D405F	0.272727272727273	0.37012987012987	1	0.257575757575758	0.287878787878788	0.348484848484848	0.391774891774892
#1D405F	#1D405F	0.272727272727273	0.37012987012987	1	0.257575757575758	0.287878787878788	0.348484848484848	0.391774891774892
#1B3C5A	#1B3C5A	0.272727272727273	0.37012987012987	1	0.257575757575758	0.287878787878788	0.348484848484848	0.391774891774892
#1B3C5A	#1B3C5A	0.303030303030303	0.37012987012987	1	0.287878787878788	0.318181818181818	0.348484848484848	0.391774891774892
#1B3C5A	#1B3C5A	0.303030303030303	0.37012987012987	1	0.287878787878788	0.318181818181818	0.348484848484848	0.391774891774892
#1B3C5A	#1B3C5A	0.303030303030303	0.37012987012987	1	0.287878787878788	0.318181818181818	0.348484848484848	0.391774891774892
#1B3C5A	#1B3C5A	0.333333333333333	0.37012987012987	1	0.318181818181818	0.348484848484849	0.348484848484848	0.391774891774892
#1D405F	#1D405F	0.333333333333333	0.37012987012987	1	0.318181818181818	0.348484848484849	0.348484848484848	0.391774891774892
#1D405F	#1D405F	0.333333333333333	0.37012987012987	1	0.318181818181818	0.348484848484849	0.348484848484848	0.391774891774892
#1F4364	#1F4364	0.363636363636364	0.37012987012987	1	0.348484848484849	0.378787878787879	0.348484848484848	0.391774891774892
#214769	#214769	0.363636363636364	0.37012987012987	1	0.348484848484849	0.378787878787879	0.348484848484848	0.391774891774892
#254F73	#254F73	0.363636363636364	0.37012987012987	1	0.348484848484849	0.378787878787879	0.348484848484848	0.391774891774892
#254F73	#254F73	0.393939393939394	0.37012987012987	1	0.378787878787879	0.409090909090909	0.348484848484848	0.391774891774892
#275278	#275278	0.393939393939394	0.37012987012987	1	0.378787878787879	0.409090909090909	0.348484848484848	0.391774891774892
#28567D	#28567D	0.393939393939394	0.37012987012987	1	0.378787878787879	0.409090909090909	0.348484848484848	0.391774891774892
#28567D	#28567D	0.424242424242424	0.37012987012987	1	0.409090909090909	0.439393939393939	0.348484848484848	0.391774891774892
#28567D	#28567D	0.424242424242424	0.37012987012987	1	0.409090909090909	0.439393939393939	0.348484848484848	0.391774891774892
#28567D	#28567D	0.424242424242424	0.37012987012987	1	0.409090909090909	0.439393939393939	0.348484848484848	0.391774891774892
#28567D	#28567D	0.454545454545455	0.37012987012987	1	0.439393939393939	0.46969696969697	0.348484848484848	0.391774891774892
#28567D	#28567D	0.454545454545455	0.37012987012987	1	0.439393939393939	0.46969696969697	0.348484848484848	0.391774891774892
#2A5A82	#2A5A82	0.454545454545455	0.37012987012987	1	0.439393939393939	0.46969696969697	0.348484848484848	0.391774891774892
#2C5E88	#2C5E88	0.484848484848485	0.37012987012987	1	0.46969696969697	0.5	0.348484848484848	0.391774891774892
#2C5E88	#2C5E88	0.484848484848485	0.37012987012987	1	0.46969696969697	0.5	0.348484848484848	0.391774891774892
#2C5E88	#2C5E88	0.484848484848485	0.37012987012987	1	0.46969696969697	0.5	0.348484848484848	0.391774891774892
#2C5E88	#2C5E88	0.515151515151515	0.37012987012987	1	0.5	0.53030303030303	0.348484848484848	0.391774891774892
#2C5E88	#2C5E88	0.515151515151515	0.37012987012987	1	0.5	0.53030303030303	0.348484848484848	0.391774891774892
#2A5A82	#2A5A82	0.515151515151515	0.37012987012987	1	0.5	0.53030303030303	0.348484848484848	0.391774891774892
#28567D	#28567D	0.545454545454545	0.37012987012987	1	0.53030303030303	0.560606060606061	0.348484848484848	0.391774891774892
#28567D	#28567D	0.545454545454545	0.37012987012987	1	0.53030303030303	0.560606060606061	0.348484848484848	0.391774891774892
#28567D	#28567D	0.545454545454545	0.37012987012987	1	0.53030303030303	0.560606060606061	0.348484848484848	0.391774891774892
#28567D	#28567D	0.575757575757576	0.37012987012987	1	0.560606060606061	0.590909090909091	0.348484848484848	0.391774891774892
#28567D	#28567D	0.575757575757576	0.37012987012987	1	0.560606060606061	0.590909090909091	0.348484848484848	0.391774891774892
#2A5A82	#2A5A82	0.575757575757576	0.37012987012987	1	0.560606060606061	0.590909090909091	0.348484848484848	0.391774891774892
#2C5E88	#2C5E88	0.606060606060606	0.37012987012987	1	0.590909090909091	0.621212121212121	0.348484848484848	0.391774891774892
#2C5E88	#2C5E88	0.606060606060606	0.37012987012987	1	0.590909090909091	0.621212121212121	0.348484848484848	0.391774891774892
#2C5E88	#2C5E88	0.606060606060606	0.37012987012987	1	0.590909090909091	0.621212121212121	0.348484848484848	0.391774891774892
#2E628D	#2E628D	0.636363636363636	0.37012987012987	1	0.621212121212121	0.651515151515151	0.348484848484848	0.391774891774892
#2E628D	#2E628D	0.636363636363636	0.37012987012987	1	0.621212121212121	0.651515151515151	0.348484848484848	0.391774891774892
#2E628D	#2E628D	0.636363636363636	0.37012987012987	1	0.621212121212121	0.651515151515151	0.348484848484848	0.391774891774892
#2E628D	#2E628D	0.666666666666667	0.37012987012987	1	0.651515151515151	0.681818181818182	0.348484848484848	0.391774891774892
#2E628D	#2E628D	0.666666666666667	0.37012987012987	1	0.651515151515151	0.681818181818182	0.348484848484848	0.391774891774892
#2E628D	#2E628D	0.666666666666667	0.37012987012987	1	0.651515151515151	0.681818181818182	0.348484848484848	0.391774891774892
#2E628D	#2E628D	0.696969696969697	0.37012987012987	1	0.681818181818182	0.712121212121212	0.348484848484848	0.391774891774892
#2E628D	#2E628D	0.696969696969697	0.37012987012987	1	0.681818181818182	0.712121212121212	0.348484848484848	0.391774891774892
#2E628D	#2E628D	0.696969696969697	0.37012987012987	1	0.681818181818182	0.712121212121212	0.348484848484848	0.391774891774892
#2E628D	#2E628D	0.727272727272727	0.37012987012987	1	0.712121212121212	0.742424242424242	0.348484848484848	0.391774891774892
#306692	#306692	0.727272727272727	0.37012987012987	1	0.712121212121212	0.742424242424242	0.348484848484848	0.391774891774892
#306692	#306692	0.727272727272727	0.37012987012987	1	0.712121212121212	0.742424242424242	0.348484848484848	0.391774891774892
#326A97	#326A97	0.757575757575758	0.37012987012987	1	0.742424242424242	0.772727272727273	0.348484848484848	0.391774891774892
#346E9D	#346E9D	0.757575757575758	0.37012987012987	1	0.742424242424242	0.772727272727273	0.348484848484848	0.391774891774892
#3876A8	#3876A8	0.757575757575758	0.37012987012987	1	0.742424242424242	0.772727272727273	0.348484848484848	0.391774891774892
#3A7AAD	#3A7AAD	0.787878787878788	0.37012987012987	1	0.772727272727273	0.803030303030303	0.348484848484848	0.391774891774892
#3C7EB3	#3C7EB3	0.787878787878788	0.37012987012987	1	0.772727272727273	0.803030303030303	0.348484848484848	0.391774891774892
#4086BE	#4086BE	0.787878787878788	0.37012987012987	1	0.772727272727273	0.803030303030303	0.348484848484848	0.391774891774892
#4793CE	#4793CE	0.818181818181818	0.37012987012987	1	0.803030303030303	0.833333333333333	0.348484848484848	0.391774891774892
#4B9BD9	#4B9BD9	0.818181818181818	0.37012987012987	1	0.803030303030303	0.833333333333333	0.348484848484848	0.391774891774892
#4D9FDF	#4D9FDF	0.818181818181818	0.37012987012987	1	0.803030303030303	0.833333333333333	0.348484848484848	0.391774891774892
#4FA4E5	#4FA4E5	0.848484848484849	0.37012987012987	1	0.833333333333333	0.863636363636364	0.348484848484848	0.391774891774892
#4FA4E5	#4FA4E5	0.848484848484849	0.37012987012987	1	0.833333333333333	0.863636363636364	0.348484848484848	0.391774891774892
#4FA4E5	#4FA4E5	0.848484848484849	0.37012987012987	1	0.833333333333333	0.863636363636364	0.348484848484848	0.391774891774892
#51A8EB	#51A8EB	0.878787878787879	0.37012987012987	1	0.863636363636364	0.893939393939394	0.348484848484848	0.391774891774892
#51A8EB	#51A8EB	0.878787878787879	0.37012987012987	1	0.863636363636364	0.893939393939394	0.348484848484848	0.391774891774892
#51A8EB	#51A8EB	0.878787878787879	0.37012987012987	1	0.863636363636364	0.893939393939394	0.348484848484848	0.391774891774892
#51A8EB	#51A8EB	0.909090909090909	0.37012987012987	1	0.893939393939394	0.924242424242424	0.348484848484848	0.391774891774892
#51A8EB	#51A8EB	0.909090909090909	0.37012987012987	1	0.893939393939394	0.924242424242424	0.348484848484848	0.391774891774892
#51A8EB	#51A8EB	0.909090909090909	0.37012987012987	1	0.893939393939394	0.924242424242424	0.348484848484848	0.391774891774892
#51A8EB	#51A8EB	0.939393939393939	0.37012987012987	1	0.924242424242424	0.954545454545455	0.348484848484848	0.391774891774892
#51A8EB	#51A8EB	0.0606060606060606	0.37012987012987	1	0.0454545454545455	0.0757575757575758	0.348484848484848	0.391774891774892
#4FA4E5	#4FA4E5	0.0606060606060606	0.37012987012987	1	0.0454545454545455	0.0757575757575758	0.348484848484848	0.391774891774892
#4D9FDF	#4D9FDF	0.0909090909090909	0.37012987012987	1	0.0757575757575758	0.106060606060606	0.348484848484848	0.391774891774892
#4D9FDF	#4D9FDF	0.0909090909090909	0.37012987012987	1	0.0757575757575758	0.106060606060606	0.348484848484848	0.391774891774892
#4B9BD9	#4B9BD9	0.0909090909090909	0.37012987012987	1	0.0757575757575758	0.106060606060606	0.348484848484848	0.391774891774892
#4793CE	#4793CE	0.121212121212121	0.37012987012987	1	0.106060606060606	0.136363636363636	0.348484848484848	0.391774891774892
#438AC3	#438AC3	0.121212121212121	0.37012987012987	1	0.106060606060606	0.136363636363636	0.348484848484848	0.391774891774892
#4086BE	#4086BE	0.121212121212121	0.37012987012987	1	0.106060606060606	0.136363636363636	0.348484848484848	0.391774891774892
#3C7EB3	#3C7EB3	0.151515151515152	0.37012987012987	1	0.136363636363636	0.166666666666667	0.348484848484848	0.391774891774892
#3876A8	#3876A8	0.151515151515152	0.37012987012987	1	0.136363636363636	0.166666666666667	0.348484848484848	0.391774891774892
#346E9D	#346E9D	0.151515151515152	0.37012987012987	1	0.136363636363636	0.166666666666667	0.348484848484848	0.391774891774892
#306692	#306692	0.181818181818182	0.37012987012987	1	0.166666666666667	0.196969696969697	0.348484848484848	0.391774891774892
#2C5E88	#2C5E88	0.181818181818182	0.37012987012987	1	0.166666666666667	0.196969696969697	0.348484848484848	0.391774891774892
#275278	#275278	0.181818181818182	0.37012987012987	1	0.166666666666667	0.196969696969697	0.348484848484848	0.391774891774892
#234B6E	#234B6E	0.212121212121212	0.37012987012987	1	0.196969696969697	0.227272727272727	0.348484848484848	0.391774891774892
#234B6E	#234B6E	0.212121212121212	0.37012987012987	1	0.196969696969697	0.227272727272727	0.348484848484848	0.391774891774892
#1F4364	#1F4364	0.212121212121212	0.37012987012987	1	0.196969696969697	0.227272727272727	0.348484848484848	0.391774891774892
#1F4364	#1F4364	0.242424242424242	0.37012987012987	1	0.227272727272727	0.257575757575758	0.348484848484848	0.391774891774892
#1D405F	#1D405F	0.242424242424242	0.37012987012987	1	0.227272727272727	0.257575757575758	0.348484848484848	0.391774891774892
#1D405F	#1D405F	0.242424242424242	0.37012987012987	1	0.227272727272727	0.257575757575758	0.348484848484848	0.391774891774892
#1B3C5A	#1B3C5A	0.272727272727273	0.37012987012987	1	0.257575757575758	0.287878787878788	0.348484848484848	0.391774891774892
#1B3C5A	#1B3C5A	0.272727272727273	0.37012987012987	1	0.257575757575758	0.287878787878788	0.348484848484848	0.391774891774892
#1A3955	#1A3955	0.272727272727273	0.37012987012987	1	0.257575757575758	0.287878787878788	0.348484848484848	0.391774891774892
#1A3955	#1A3955	0.303030303030303	0.37012987012987	1	0.287878787878788	0.318181818181818	0.348484848484848	0.391774891774892
#1A3955	#1A3955	0.303030303030303	0.37012987012987	1	0.287878787878788	0.318181818181818	0.348484848484848	0.391774891774892
#1B3C5A	#1B3C5A	0.303030303030303	0.37012987012987	1	0.287878787878788	0.318181818181818	0.348484848484848	0.391774891774892
#1B3C5A	#1B3C5A	0.333333333333333	0.37012987012987	1	0.318181818181818	0.348484848484849	0.348484848484848	0.391774891774892
#1B3C5A	#1B3C5A	0.333333333333333	0.37012987012987	1	0.318181818181818	0.348484848484849	0.348484848484848	0.391774891774892
#1D405F	#1D405F	0.333333333333333	0.37012987012987	1	0.318181818181818	0.348484848484849	0.348484848484848	0.391774891774892
#1D405F	#1D405F	0.363636363636364	0.37012987012987	1	0.348484848484849	0.378787878787879	0.348484848484848	0.391774891774892
#1F4364	#1F4364	0.363636363636364	0.37012987012987	1	0.348484848484849	0.378787878787879	0.348484848484848	0.391774891774892
#214769	#214769	0.363636363636364	0.37012987012987	1	0.348484848484849	0.378787878787879	0.348484848484848	0.391774891774892
#234B6E	#234B6E	0.393939393939394	0.37012987012987	1	0.378787878787879	0.409090909090909	0.348484848484848	0.391774891774892
#234B6E	#234B6E	0.393939393939394	0.37012987012987	1	0.378787878787879	0.409090909090909	0.348484848484848	0.391774891774892
#254F73	#254F73	0.393939393939394	0.37012987012987	1	0.378787878787879	0.409090909090909	0.348484848484848	0.391774891774892
#254F73	#254F73	0.424242424242424	0.37012987012987	1	0.409090909090909	0.439393939393939	0.348484848484848	0.391774891774892
#275278	#275278	0.424242424242424	0.37012987012987	1	0.409090909090909	0.439393939393939	0.348484848484848	0.391774891774892
#275278	#275278	0.424242424242424	0.37012987012987	1	0.409090909090909	0.439393939393939	0.348484848484848	0.391774891774892
#275278	#275278	0.454545454545455	0.37012987012987	1	0.439393939393939	0.46969696969697	0.348484848484848	0.391774891774892
#275278	#275278	0.454545454545455	0.37012987012987	1	0.439393939393939	0.46969696969697	0.348484848484848	0.391774891774892
#275278	#275278	0.454545454545455	0.37012987012987	1	0.439393939393939	0.46969696969697	0.348484848484848	0.391774891774892
#28567D	#28567D	0.484848484848485	0.37012987012987	1	0.46969696969697	0.5	0.348484848484848	0.391774891774892
#28567D	#28567D	0.484848484848485	0.37012987012987	1	0.46969696969697	0.5	0.348484848484848	0.391774891774892
#28567D	#28567D	0.484848484848485	0.37012987012987	1	0.46969696969697	0.5	0.348484848484848	0.391774891774892
#2A5A82	#2A5A82	0.515151515151515	0.37012987012987	1	0.5	0.53030303030303	0.348484848484848	0.391774891774892
#28567D	#28567D	0.515151515151515	0.37012987012987	1	0.5	0.53030303030303	0.348484848484848	0.391774891774892
#275278	#275278	0.515151515151515	0.37012987012987	1	0.5	0.53030303030303	0.348484848484848	0.391774891774892
#275278	#275278	0.545454545454545	0.37012987012987	1	0.53030303030303	0.560606060606061	0.348484848484848	0.391774891774892
#254F73	#254F73	0.545454545454545	0.37012987012987	1	0.53030303030303	0.560606060606061	0.348484848484848	0.391774891774892
#254F73	#254F73	0.545454545454545	0.37012987012987	1	0.53030303030303	0.560606060606061	0.348484848484848	0.391774891774892
#275278	#275278	0.575757575757576	0.37012987012987	1	0.560606060606061	0.590909090909091	0.348484848484848	0.391774891774892
#28567D	#28567D	0.575757575757576	0.37012987012987	1	0.560606060606061	0.590909090909091	0.348484848484848	0.391774891774892
#2A5A82	#2A5A82	0.575757575757576	0.37012987012987	1	0.560606060606061	0.590909090909091	0.348484848484848	0.391774891774892
#2A5A82	#2A5A82	0.606060606060606	0.37012987012987	1	0.590909090909091	0.621212121212121	0.348484848484848	0.391774891774892
#2C5E88	#2C5E88	0.606060606060606	0.37012987012987	1	0.590909090909091	0.621212121212121	0.348484848484848	0.391774891774892
#2C5E88	#2C5E88	0.606060606060606	0.37012987012987	1	0.590909090909091	0.621212121212121	0.348484848484848	0.391774891774892
#2E628D	#2E628D	0.636363636363636	0.37012987012987	1	0.621212121212121	0.651515151515151	0.348484848484848	0.391774891774892
#2E628D	#2E628D	0.636363636363636	0.37012987012987	1	0.621212121212121	0.651515151515151	0.348484848484848	0.391774891774892
#2E628D	#2E628D	0.636363636363636	0.37012987012987	1	0.621212121212121	0.651515151515151	0.348484848484848	0.391774891774892
#2E628D	#2E628D	0.666666666666667	0.37012987012987	1	0.651515151515151	0.681818181818182	0.348484848484848	0.391774891774892
#2E628D	#2E628D	0.666666666666667	0.37012987012987	1	0.651515151515151	0.681818181818182	0.348484848484848	0.391774891774892
#2E628D	#2E628D	0.666666666666667	0.37012987012987	1	0.651515151515151	0.681818181818182	0.348484848484848	0.391774891774892
#2E628D	#2E628D	0.696969696969697	0.37012987012987	1	0.681818181818182	0.712121212121212	0.348484848484848	0.391774891774892
#2E628D	#2E628D	0.696969696969697	0.37012987012987	1	0.681818181818182	0.712121212121212	0.348484848484848	0.391774891774892
#2E628D	#2E628D	0.696969696969697	0.37012987012987	1	0.681818181818182	0.712121212121212	0.348484848484848	0.391774891774892
#2E628D	#2E628D	0.727272727272727	0.37012987012987	1	0.712121212121212	0.742424242424242	0.348484848484848	0.391774891774892
#306692	#306692	0.727272727272727	0.37012987012987	1	0.712121212121212	0.742424242424242	0.348484848484848	0.391774891774892
#326A97	#326A97	0.727272727272727	0.37012987012987	1	0.712121212121212	0.742424242424242	0.348484848484848	0.391774891774892
#346E9D	#346E9D	0.757575757575758	0.37012987012987	1	0.742424242424242	0.772727272727273	0.348484848484848	0.391774891774892
#3672A2	#3672A2	0.757575757575758	0.37012987012987	1	0.742424242424242	0.772727272727273	0.348484848484848	0.391774891774892
#3876A8	#3876A8	0.757575757575758	0.37012987012987	1	0.742424242424242	0.772727272727273	0.348484848484848	0.391774891774892
#3A7AAD	#3A7AAD	0.787878787878788	0.37012987012987	1	0.772727272727273	0.803030303030303	0.348484848484848	0.391774891774892
#3C7EB3	#3C7EB3	0.787878787878788	0.37012987012987	1	0.772727272727273	0.803030303030303	0.348484848484848	0.391774891774892
#4086BE	#4086BE	0.787878787878788	0.37012987012987	1	0.772727272727273	0.803030303030303	0.348484848484848	0.391774891774892
#458EC9	#458EC9	0.818181818181818	0.37012987012987	1	0.803030303030303	0.833333333333333	0.348484848484848	0.391774891774892
#4997D4	#4997D4	0.818181818181818	0.37012987012987	1	0.803030303030303	0.833333333333333	0.348484848484848	0.391774891774892
#4B9BD9	#4B9BD9	0.818181818181818	0.37012987012987	1	0.803030303030303	0.833333333333333	0.348484848484848	0.391774891774892
#4D9FDF	#4D9FDF	0.848484848484849	0.37012987012987	1	0.833333333333333	0.863636363636364	0.348484848484848	0.391774891774892
#4FA4E5	#4FA4E5	0.848484848484849	0.37012987012987	1	0.833333333333333	0.863636363636364	0.348484848484848	0.391774891774892
#4FA4E5	#4FA4E5	0.848484848484849	0.37012987012987	1	0.833333333333333	0.863636363636364	0.348484848484848	0.391774891774892
#4FA4E5	#4FA4E5	0.878787878787879	0.37012987012987	1	0.863636363636364	0.893939393939394	0.348484848484848	0.391774891774892
#51A8EB	#51A8EB	0.878787878787879	0.37012987012987	1	0.863636363636364	0.893939393939394	0.348484848484848	0.391774891774892
#51A8EB	#51A8EB	0.878787878787879	0.37012987012987	1	0.863636363636364	0.893939393939394	0.348484848484848	0.391774891774892
#51A8EB	#51A8EB	0.909090909090909	0.37012987012987	1	0.893939393939394	0.924242424242424	0.348484848484848	0.391774891774892
#51A8EB	#51A8EB	0.909090909090909	0.37012987012987	1	0.893939393939394	0.924242424242424	0.348484848484848	0.391774891774892
#51A8EB	#51A8EB	0.909090909090909	0.37012987012987	1	0.893939393939394	0.924242424242424	0.348484848484848	0.391774891774892
#51A8EB	#51A8EB	0.939393939393939	0.37012987012987	1	0.924242424242424	0.954545454545455	0.348484848484848	0.391774891774892
#4FA4E5	#4FA4E5	0.0606060606060606	0.37012987012987	1	0.0454545454545455	0.0757575757575758	0.348484848484848	0.391774891774892
#4FA4E5	#4FA4E5	0.0606060606060606	0.37012987012987	1	0.0454545454545455	0.0757575757575758	0.348484848484848	0.391774891774892
#4D9FDF	#4D9FDF	0.0909090909090909	0.37012987012987	1	0.0757575757575758	0.106060606060606	0.348484848484848	0.391774891774892
#4B9BD9	#4B9BD9	0.0909090909090909	0.37012987012987	1	0.0757575757575758	0.106060606060606	0.348484848484848	0.391774891774892
#4997D4	#4997D4	0.0909090909090909	0.37012987012987	1	0.0757575757575758	0.106060606060606	0.348484848484848	0.391774891774892
#4793CE	#4793CE	0.121212121212121	0.37012987012987	1	0.106060606060606	0.136363636363636	0.348484848484848	0.391774891774892
#438AC3	#438AC3	0.121212121212121	0.37012987012987	1	0.106060606060606	0.136363636363636	0.348484848484848	0.391774891774892
#4086BE	#4086BE	0.121212121212121	0.37012987012987	1	0.106060606060606	0.136363636363636	0.348484848484848	0.391774891774892
#3C7EB3	#3C7EB3	0.151515151515152	0.37012987012987	1	0.136363636363636	0.166666666666667	0.348484848484848	0.391774891774892
#3672A2	#3672A2	0.151515151515152	0.37012987012987	1	0.136363636363636	0.166666666666667	0.348484848484848	0.391774891774892
#326A97	#326A97	0.151515151515152	0.37012987012987	1	0.136363636363636	0.166666666666667	0.348484848484848	0.391774891774892
#2E628D	#2E628D	0.181818181818182	0.37012987012987	1	0.166666666666667	0.196969696969697	0.348484848484848	0.391774891774892
#2A5A82	#2A5A82	0.181818181818182	0.37012987012987	1	0.166666666666667	0.196969696969697	0.348484848484848	0.391774891774892
#275278	#275278	0.181818181818182	0.37012987012987	1	0.166666666666667	0.196969696969697	0.348484848484848	0.391774891774892
#234B6E	#234B6E	0.212121212121212	0.37012987012987	1	0.196969696969697	0.227272727272727	0.348484848484848	0.391774891774892
#1F4364	#1F4364	0.212121212121212	0.37012987012987	1	0.196969696969697	0.227272727272727	0.348484848484848	0.391774891774892
#1D405F	#1D405F	0.212121212121212	0.37012987012987	1	0.196969696969697	0.227272727272727	0.348484848484848	0.391774891774892
#1B3C5A	#1B3C5A	0.242424242424242	0.37012987012987	1	0.227272727272727	0.257575757575758	0.348484848484848	0.391774891774892
#1B3C5A	#1B3C5A	0.242424242424242	0.37012987012987	1	0.227272727272727	0.257575757575758	0.348484848484848	0.391774891774892
#1A3955	#1A3955	0.242424242424242	0.37012987012987	1	0.227272727272727	0.257575757575758	0.348484848484848	0.391774891774892
#183551	#183551	0.272727272727273	0.37012987012987	1	0.257575757575758	0.287878787878788	0.348484848484848	0.391774891774892
#183551	#183551	0.272727272727273	0.37012987012987	1	0.257575757575758	0.287878787878788	0.348484848484848	0.391774891774892
#183551	#183551	0.272727272727273	0.37012987012987	1	0.257575757575758	0.287878787878788	0.348484848484848	0.391774891774892
#183551	#183551	0.303030303030303	0.37012987012987	1	0.287878787878788	0.318181818181818	0.348484848484848	0.391774891774892
#1A3955	#1A3955	0.303030303030303	0.37012987012987	1	0.287878787878788	0.318181818181818	0.348484848484848	0.391774891774892
#1B3C5A	#1B3C5A	0.303030303030303	0.37012987012987	1	0.287878787878788	0.318181818181818	0.348484848484848	0.391774891774892
#1B3C5A	#1B3C5A	0.333333333333333	0.37012987012987	1	0.318181818181818	0.348484848484849	0.348484848484848	0.391774891774892
#1B3C5A	#1B3C5A	0.333333333333333	0.37012987012987	1	0.318181818181818	0.348484848484849	0.348484848484848	0.391774891774892
#1B3C5A	#1B3C5A	0.333333333333333	0.37012987012987	1	0.318181818181818	0.348484848484849	0.348484848484848	0.391774891774892
#1D405F	#1D405F	0.363636363636364	0.37012987012987	1	0.348484848484849	0.378787878787879	0.348484848484848	0.391774891774892
#1D405F	#1D405F	0.363636363636364	0.37012987012987	1	0.348484848484849	0.378787878787879	0.348484848484848	0.391774891774892
#1F4364	#1F4364	0.363636363636364	0.37012987012987	1	0.348484848484849	0.378787878787879	0.348484848484848	0.391774891774892
#214769	#214769	0.393939393939394	0.37012987012987	1	0.378787878787879	0.409090909090909	0.348484848484848	0.391774891774892
#214769	#214769	0.393939393939394	0.37012987012987	1	0.378787878787879	0.409090909090909	0.348484848484848	0.391774891774892
#214769	#214769	0.393939393939394	0.37012987012987	1	0.378787878787879	0.409090909090909	0.348484848484848	0.391774891774892
#234B6E	#234B6E	0.424242424242424	0.37012987012987	1	0.409090909090909	0.439393939393939	0.348484848484848	0.391774891774892
#234B6E	#234B6E	0.424242424242424	0.37012987012987	1	0.409090909090909	0.439393939393939	0.348484848484848	0.391774891774892
#234B6E	#234B6E	0.424242424242424	0.37012987012987	1	0.409090909090909	0.439393939393939	0.348484848484848	0.391774891774892
#234B6E	#234B6E	0.454545454545455	0.37012987012987	1	0.439393939393939	0.46969696969697	0.348484848484848	0.391774891774892
#254F73	#254F73	0.454545454545455	0.37012987012987	1	0.439393939393939	0.46969696969697	0.348484848484848	0.391774891774892
#254F73	#254F73	0.454545454545455	0.37012987012987	1	0.439393939393939	0.46969696969697	0.348484848484848	0.391774891774892
#275278	#275278	0.484848484848485	0.37012987012987	1	0.46969696969697	0.5	0.348484848484848	0.391774891774892
#275278	#275278	0.484848484848485	0.37012987012987	1	0.46969696969697	0.5	0.348484848484848	0.391774891774892
#275278	#275278	0.484848484848485	0.37012987012987	1	0.46969696969697	0.5	0.348484848484848	0.391774891774892
#28567D	#28567D	0.515151515151515	0.37012987012987	1	0.5	0.53030303030303	0.348484848484848	0.391774891774892
#275278	#275278	0.515151515151515	0.37012987012987	1	0.5	0.53030303030303	0.348484848484848	0.391774891774892
#254F73	#254F73	0.515151515151515	0.37012987012987	1	0.5	0.53030303030303	0.348484848484848	0.391774891774892
#234B6E	#234B6E	0.545454545454545	0.37012987012987	1	0.53030303030303	0.560606060606061	0.348484848484848	0.391774891774892
#234B6E	#234B6E	0.545454545454545	0.37012987012987	1	0.53030303030303	0.560606060606061	0.348484848484848	0.391774891774892
#234B6E	#234B6E	0.545454545454545	0.37012987012987	1	0.53030303030303	0.560606060606061	0.348484848484848	0.391774891774892
#275278	#275278	0.575757575757576	0.37012987012987	1	0.560606060606061	0.590909090909091	0.348484848484848	0.391774891774892
#28567D	#28567D	0.575757575757576	0.37012987012987	1	0.560606060606061	0.590909090909091	0.348484848484848	0.391774891774892
#2A5A82	#2A5A82	0.575757575757576	0.37012987012987	1	0.560606060606061	0.590909090909091	0.348484848484848	0.391774891774892
#2A5A82	#2A5A82	0.606060606060606	0.37012987012987	1	0.590909090909091	0.621212121212121	0.348484848484848	0.391774891774892
#2C5E88	#2C5E88	0.606060606060606	0.37012987012987	1	0.590909090909091	0.621212121212121	0.348484848484848	0.391774891774892
#2C5E88	#2C5E88	0.606060606060606	0.37012987012987	1	0.590909090909091	0.621212121212121	0.348484848484848	0.391774891774892
#2E628D	#2E628D	0.636363636363636	0.37012987012987	1	0.621212121212121	0.651515151515151	0.348484848484848	0.391774891774892
#2E628D	#2E628D	0.636363636363636	0.37012987012987	1	0.621212121212121	0.651515151515151	0.348484848484848	0.391774891774892
#2E628D	#2E628D	0.636363636363636	0.37012987012987	1	0.621212121212121	0.651515151515151	0.348484848484848	0.391774891774892
#2E628D	#2E628D	0.666666666666667	0.37012987012987	1	0.651515151515151	0.681818181818182	0.348484848484848	0.391774891774892
#2E628D	#2E628D	0.666666666666667	0.37012987012987	1	0.651515151515151	0.681818181818182	0.348484848484848	0.391774891774892
#2E628D	#2E628D	0.666666666666667	0.37012987012987	1	0.651515151515151	0.681818181818182	0.348484848484848	0.391774891774892
#2E628D	#2E628D	0.696969696969697	0.37012987012987	1	0.681818181818182	0.712121212121212	0.348484848484848	0.391774891774892
#2E628D	#2E628D	0.696969696969697	0.37012987012987	1	0.681818181818182	0.712121212121212	0.348484848484848	0.391774891774892
#2E628D	#2E628D	0.696969696969697	0.37012987012987	1	0.681818181818182	0.712121212121212	0.348484848484848	0.391774891774892
#2E628D	#2E628D	0.727272727272727	0.37012987012987	1	0.712121212121212	0.742424242424242	0.348484848484848	0.391774891774892
#306692	#306692	0.727272727272727	0.37012987012987	1	0.712121212121212	0.742424242424242	0.348484848484848	0.391774891774892
#326A97	#326A97	0.727272727272727	0.37012987012987	1	0.712121212121212	0.742424242424242	0.348484848484848	0.391774891774892
#346E9D	#346E9D	0.757575757575758	0.37012987012987	1	0.742424242424242	0.772727272727273	0.348484848484848	0.391774891774892
#3672A2	#3672A2	0.757575757575758	0.37012987012987	1	0.742424242424242	0.772727272727273	0.348484848484848	0.391774891774892
#3876A8	#3876A8	0.757575757575758	0.37012987012987	1	0.742424242424242	0.772727272727273	0.348484848484848	0.391774891774892
#3A7AAD	#3A7AAD	0.787878787878788	0.37012987012987	1	0.772727272727273	0.803030303030303	0.348484848484848	0.391774891774892
#3E82B8	#3E82B8	0.787878787878788	0.37012987012987	1	0.772727272727273	0.803030303030303	0.348484848484848	0.391774891774892
#4086BE	#4086BE	0.787878787878788	0.37012987012987	1	0.772727272727273	0.803030303030303	0.348484848484848	0.391774891774892
#438AC3	#438AC3	0.818181818181818	0.37012987012987	1	0.803030303030303	0.833333333333333	0.348484848484848	0.391774891774892
#4793CE	#4793CE	0.818181818181818	0.37012987012987	1	0.803030303030303	0.833333333333333	0.348484848484848	0.391774891774892
#4B9BD9	#4B9BD9	0.818181818181818	0.37012987012987	1	0.803030303030303	0.833333333333333	0.348484848484848	0.391774891774892
#4D9FDF	#4D9FDF	0.848484848484849	0.37012987012987	1	0.833333333333333	0.863636363636364	0.348484848484848	0.391774891774892
#4FA4E5	#4FA4E5	0.848484848484849	0.37012987012987	1	0.833333333333333	0.863636363636364	0.348484848484848	0.391774891774892
#4FA4E5	#4FA4E5	0.848484848484849	0.37012987012987	1	0.833333333333333	0.863636363636364	0.348484848484848	0.391774891774892
#4FA4E5	#4FA4E5	0.878787878787879	0.37012987012987	1	0.863636363636364	0.893939393939394	0.348484848484848	0.391774891774892
#4FA4E5	#4FA4E5	0.878787878787879	0.37012987012987	1	0.863636363636364	0.893939393939394	0.348484848484848	0.391774891774892
#51A8EB	#51A8EB	0.878787878787879	0.37012987012987	1	0.863636363636364	0.893939393939394	0.348484848484848	0.391774891774892
#51A8EB	#51A8EB	0.909090909090909	0.37012987012987	1	0.893939393939394	0.924242424242424	0.348484848484848	0.391774891774892
#51A8EB	#51A8EB	0.909090909090909	0.37012987012987	1	0.893939393939394	0.924242424242424	0.348484848484848	0.391774891774892
#51A8EB	#51A8EB	0.909090909090909	0.37012987012987	1	0.893939393939394	0.924242424242424	0.348484848484848	0.391774891774892
#51A8EB	#51A8EB	0.939393939393939	0.37012987012987	1	0.924242424242424	0.954545454545455	0.348484848484848	0.391774891774892
#4FA4E5	#4FA4E5	0.0606060606060606	0.413419913419913	1	0.0454545454545455	0.0757575757575758	0.391774891774892	0.435064935064935
#4D9FDF	#4D9FDF	0.0606060606060606	0.413419913419913	1	0.0454545454545455	0.0757575757575758	0.391774891774892	0.435064935064935
#4D9FDF	#4D9FDF	0.0909090909090909	0.413419913419913	1	0.0757575757575758	0.106060606060606	0.391774891774892	0.435064935064935
#4B9BD9	#4B9BD9	0.0909090909090909	0.413419913419913	1	0.0757575757575758	0.106060606060606	0.391774891774892	0.435064935064935
#4793CE	#4793CE	0.0909090909090909	0.413419913419913	1	0.0757575757575758	0.106060606060606	0.391774891774892	0.435064935064935
#458EC9	#458EC9	0.121212121212121	0.413419913419913	1	0.106060606060606	0.136363636363636	0.391774891774892	0.435064935064935
#438AC3	#438AC3	0.121212121212121	0.413419913419913	1	0.106060606060606	0.136363636363636	0.391774891774892	0.435064935064935
#3E82B8	#3E82B8	0.121212121212121	0.413419913419913	1	0.106060606060606	0.136363636363636	0.391774891774892	0.435064935064935
#3A7AAD	#3A7AAD	0.151515151515152	0.413419913419913	1	0.136363636363636	0.166666666666667	0.391774891774892	0.435064935064935
#3672A2	#3672A2	0.151515151515152	0.413419913419913	1	0.136363636363636	0.166666666666667	0.391774891774892	0.435064935064935
#326A97	#326A97	0.151515151515152	0.413419913419913	1	0.136363636363636	0.166666666666667	0.391774891774892	0.435064935064935
#2C5E88	#2C5E88	0.181818181818182	0.413419913419913	1	0.166666666666667	0.196969696969697	0.391774891774892	0.435064935064935
#28567D	#28567D	0.181818181818182	0.413419913419913	1	0.166666666666667	0.196969696969697	0.391774891774892	0.435064935064935
#254F73	#254F73	0.181818181818182	0.413419913419913	1	0.166666666666667	0.196969696969697	0.391774891774892	0.435064935064935
#214769	#214769	0.212121212121212	0.413419913419913	1	0.196969696969697	0.227272727272727	0.391774891774892	0.435064935064935
#1F4364	#1F4364	0.212121212121212	0.413419913419913	1	0.196969696969697	0.227272727272727	0.391774891774892	0.435064935064935
#1B3C5A	#1B3C5A	0.212121212121212	0.413419913419913	1	0.196969696969697	0.227272727272727	0.391774891774892	0.435064935064935
#1A3955	#1A3955	0.242424242424242	0.413419913419913	1	0.227272727272727	0.257575757575758	0.391774891774892	0.435064935064935
#1A3955	#1A3955	0.242424242424242	0.413419913419913	1	0.227272727272727	0.257575757575758	0.391774891774892	0.435064935064935
#183551	#183551	0.242424242424242	0.413419913419913	1	0.227272727272727	0.257575757575758	0.391774891774892	0.435064935064935
#16314C	#16314C	0.272727272727273	0.413419913419913	1	0.257575757575758	0.287878787878788	0.391774891774892	0.435064935064935
#16314C	#16314C	0.272727272727273	0.413419913419913	1	0.257575757575758	0.287878787878788	0.391774891774892	0.435064935064935
#183551	#183551	0.272727272727273	0.413419913419913	1	0.257575757575758	0.287878787878788	0.391774891774892	0.435064935064935
#183551	#183551	0.303030303030303	0.413419913419913	1	0.287878787878788	0.318181818181818	0.391774891774892	0.435064935064935
#1A3955	#1A3955	0.303030303030303	0.413419913419913	1	0.287878787878788	0.318181818181818	0.391774891774892	0.435064935064935
#1B3C5A	#1B3C5A	0.303030303030303	0.413419913419913	1	0.287878787878788	0.318181818181818	0.391774891774892	0.435064935064935
#1B3C5A	#1B3C5A	0.333333333333333	0.413419913419913	1	0.318181818181818	0.348484848484849	0.391774891774892	0.435064935064935
#1B3C5A	#1B3C5A	0.333333333333333	0.413419913419913	1	0.318181818181818	0.348484848484849	0.391774891774892	0.435064935064935
#1B3C5A	#1B3C5A	0.333333333333333	0.413419913419913	1	0.318181818181818	0.348484848484849	0.391774891774892	0.435064935064935
#1D405F	#1D405F	0.363636363636364	0.413419913419913	1	0.348484848484849	0.378787878787879	0.391774891774892	0.435064935064935
#1D405F	#1D405F	0.363636363636364	0.413419913419913	1	0.348484848484849	0.378787878787879	0.391774891774892	0.435064935064935
#1F4364	#1F4364	0.363636363636364	0.413419913419913	1	0.348484848484849	0.378787878787879	0.391774891774892	0.435064935064935
#1F4364	#1F4364	0.393939393939394	0.413419913419913	1	0.378787878787879	0.409090909090909	0.391774891774892	0.435064935064935
#1F4364	#1F4364	0.393939393939394	0.413419913419913	1	0.378787878787879	0.409090909090909	0.391774891774892	0.435064935064935
#1F4364	#1F4364	0.393939393939394	0.413419913419913	1	0.378787878787879	0.409090909090909	0.391774891774892	0.435064935064935
#1F4364	#1F4364	0.424242424242424	0.413419913419913	1	0.409090909090909	0.439393939393939	0.391774891774892	0.435064935064935
#1F4364	#1F4364	0.424242424242424	0.413419913419913	1	0.409090909090909	0.439393939393939	0.391774891774892	0.435064935064935
#214769	#214769	0.424242424242424	0.413419913419913	1	0.409090909090909	0.439393939393939	0.391774891774892	0.435064935064935
#214769	#214769	0.454545454545455	0.413419913419913	1	0.439393939393939	0.46969696969697	0.391774891774892	0.435064935064935
#234B6E	#234B6E	0.454545454545455	0.413419913419913	1	0.439393939393939	0.46969696969697	0.391774891774892	0.435064935064935
#234B6E	#234B6E	0.454545454545455	0.413419913419913	1	0.439393939393939	0.46969696969697	0.391774891774892	0.435064935064935
#254F73	#254F73	0.484848484848485	0.413419913419913	1	0.46969696969697	0.5	0.391774891774892	0.435064935064935
#254F73	#254F73	0.484848484848485	0.413419913419913	1	0.46969696969697	0.5	0.391774891774892	0.435064935064935
#275278	#275278	0.484848484848485	0.413419913419913	1	0.46969696969697	0.5	0.391774891774892	0.435064935064935
#275278	#275278	0.515151515151515	0.413419913419913	1	0.5	0.53030303030303	0.391774891774892	0.435064935064935
#254F73	#254F73	0.515151515151515	0.413419913419913	1	0.5	0.53030303030303	0.391774891774892	0.435064935064935
#234B6E	#234B6E	0.515151515151515	0.413419913419913	1	0.5	0.53030303030303	0.391774891774892	0.435064935064935
#234B6E	#234B6E	0.545454545454545	0.413419913419913	1	0.53030303030303	0.560606060606061	0.391774891774892	0.435064935064935
#234B6E	#234B6E	0.545454545454545	0.413419913419913	1	0.53030303030303	0.560606060606061	0.391774891774892	0.435064935064935
#234B6E	#234B6E	0.545454545454545	0.413419913419913	1	0.53030303030303	0.560606060606061	0.391774891774892	0.435064935064935
#254F73	#254F73	0.575757575757576	0.413419913419913	1	0.560606060606061	0.590909090909091	0.391774891774892	0.435064935064935
#275278	#275278	0.575757575757576	0.413419913419913	1	0.560606060606061	0.590909090909091	0.391774891774892	0.435064935064935
#28567D	#28567D	0.575757575757576	0.413419913419913	1	0.560606060606061	0.590909090909091	0.391774891774892	0.435064935064935
#2A5A82	#2A5A82	0.606060606060606	0.413419913419913	1	0.590909090909091	0.621212121212121	0.391774891774892	0.435064935064935
#2C5E88	#2C5E88	0.606060606060606	0.413419913419913	1	0.590909090909091	0.621212121212121	0.391774891774892	0.435064935064935
#2C5E88	#2C5E88	0.606060606060606	0.413419913419913	1	0.590909090909091	0.621212121212121	0.391774891774892	0.435064935064935
#2E628D	#2E628D	0.636363636363636	0.413419913419913	1	0.621212121212121	0.651515151515151	0.391774891774892	0.435064935064935
#2E628D	#2E628D	0.636363636363636	0.413419913419913	1	0.621212121212121	0.651515151515151	0.391774891774892	0.435064935064935
#2E628D	#2E628D	0.636363636363636	0.413419913419913	1	0.621212121212121	0.651515151515151	0.391774891774892	0.435064935064935
#2E628D	#2E628D	0.666666666666667	0.413419913419913	1	0.651515151515151	0.681818181818182	0.391774891774892	0.435064935064935
#2E628D	#2E628D	0.666666666666667	0.413419913419913	1	0.651515151515151	0.681818181818182	0.391774891774892	0.435064935064935
#2E628D	#2E628D	0.666666666666667	0.413419913419913	1	0.651515151515151	0.681818181818182	0.391774891774892	0.435064935064935
#2E628D	#2E628D	0.696969696969697	0.413419913419913	1	0.681818181818182	0.712121212121212	0.391774891774892	0.435064935064935
#2E628D	#2E628D	0.696969696969697	0.413419913419913	1	0.681818181818182	0.712121212121212	0.391774891774892	0.435064935064935
#2E628D	#2E628D	0.696969696969697	0.413419913419913	1	0.681818181818182	0.712121212121212	0.391774891774892	0.435064935064935
#2E628D	#2E628D	0.727272727272727	0.413419913419913	1	0.712121212121212	0.742424242424242	0.391774891774892	0.435064935064935
#326A97	#326A97	0.727272727272727	0.413419913419913	1	0.712121212121212	0.742424242424242	0.391774891774892	0.435064935064935
#346E9D	#346E9D	0.727272727272727	0.413419913419913	1	0.712121212121212	0.742424242424242	0.391774891774892	0.435064935064935
#3672A2	#3672A2	0.757575757575758	0.413419913419913	1	0.742424242424242	0.772727272727273	0.391774891774892	0.435064935064935
#3876A8	#3876A8	0.757575757575758	0.413419913419913	1	0.742424242424242	0.772727272727273	0.391774891774892	0.435064935064935
#3A7AAD	#3A7AAD	0.757575757575758	0.413419913419913	1	0.742424242424242	0.772727272727273	0.391774891774892	0.435064935064935
#3C7EB3	#3C7EB3	0.787878787878788	0.413419913419913	1	0.772727272727273	0.803030303030303	0.391774891774892	0.435064935064935
#3E82B8	#3E82B8	0.787878787878788	0.413419913419913	1	0.772727272727273	0.803030303030303	0.391774891774892	0.435064935064935
#4086BE	#4086BE	0.787878787878788	0.413419913419913	1	0.772727272727273	0.803030303030303	0.391774891774892	0.435064935064935
#438AC3	#438AC3	0.818181818181818	0.413419913419913	1	0.803030303030303	0.833333333333333	0.391774891774892	0.435064935064935
#458EC9	#458EC9	0.818181818181818	0.413419913419913	1	0.803030303030303	0.833333333333333	0.391774891774892	0.435064935064935
#4B9BD9	#4B9BD9	0.818181818181818	0.413419913419913	1	0.803030303030303	0.833333333333333	0.391774891774892	0.435064935064935
#4B9BD9	#4B9BD9	0.848484848484849	0.413419913419913	1	0.833333333333333	0.863636363636364	0.391774891774892	0.435064935064935
#4D9FDF	#4D9FDF	0.848484848484849	0.413419913419913	1	0.833333333333333	0.863636363636364	0.391774891774892	0.435064935064935
#4D9FDF	#4D9FDF	0.848484848484849	0.413419913419913	1	0.833333333333333	0.863636363636364	0.391774891774892	0.435064935064935
#4FA4E5	#4FA4E5	0.878787878787879	0.413419913419913	1	0.863636363636364	0.893939393939394	0.391774891774892	0.435064935064935
#4FA4E5	#4FA4E5	0.878787878787879	0.413419913419913	1	0.863636363636364	0.893939393939394	0.391774891774892	0.435064935064935
#4FA4E5	#4FA4E5	0.878787878787879	0.413419913419913	1	0.863636363636364	0.893939393939394	0.391774891774892	0.435064935064935
#51A8EB	#51A8EB	0.909090909090909	0.413419913419913	1	0.893939393939394	0.924242424242424	0.391774891774892	0.435064935064935
#51A8EB	#51A8EB	0.909090909090909	0.413419913419913	1	0.893939393939394	0.924242424242424	0.391774891774892	0.435064935064935
#51A8EB	#51A8EB	0.909090909090909	0.413419913419913	1	0.893939393939394	0.924242424242424	0.391774891774892	0.435064935064935
#51A8EB	#51A8EB	0.939393939393939	0.413419913419913	1	0.924242424242424	0.954545454545455	0.391774891774892	0.435064935064935
#4FA4E5	#4FA4E5	0.0606060606060606	0.413419913419913	1	0.0454545454545455	0.0757575757575758	0.391774891774892	0.435064935064935
#4D9FDF	#4D9FDF	0.0606060606060606	0.413419913419913	1	0.0454545454545455	0.0757575757575758	0.391774891774892	0.435064935064935
#4B9BD9	#4B9BD9	0.0909090909090909	0.413419913419913	1	0.0757575757575758	0.106060606060606	0.391774891774892	0.435064935064935
#4997D4	#4997D4	0.0909090909090909	0.413419913419913	1	0.0757575757575758	0.106060606060606	0.391774891774892	0.435064935064935
#4793CE	#4793CE	0.0909090909090909	0.413419913419913	1	0.0757575757575758	0.106060606060606	0.391774891774892	0.435064935064935
#458EC9	#458EC9	0.121212121212121	0.413419913419913	1	0.106060606060606	0.136363636363636	0.391774891774892	0.435064935064935
#4086BE	#4086BE	0.121212121212121	0.413419913419913	1	0.106060606060606	0.136363636363636	0.391774891774892	0.435064935064935
#3E82B8	#3E82B8	0.121212121212121	0.413419913419913	1	0.106060606060606	0.136363636363636	0.391774891774892	0.435064935064935
#3A7AAD	#3A7AAD	0.151515151515152	0.413419913419913	1	0.136363636363636	0.166666666666667	0.391774891774892	0.435064935064935
#346E9D	#346E9D	0.151515151515152	0.413419913419913	1	0.136363636363636	0.166666666666667	0.391774891774892	0.435064935064935
#306692	#306692	0.151515151515152	0.413419913419913	1	0.136363636363636	0.166666666666667	0.391774891774892	0.435064935064935
#2C5E88	#2C5E88	0.181818181818182	0.413419913419913	1	0.166666666666667	0.196969696969697	0.391774891774892	0.435064935064935
#28567D	#28567D	0.181818181818182	0.413419913419913	1	0.166666666666667	0.196969696969697	0.391774891774892	0.435064935064935
#254F73	#254F73	0.181818181818182	0.413419913419913	1	0.166666666666667	0.196969696969697	0.391774891774892	0.435064935064935
#214769	#214769	0.212121212121212	0.413419913419913	1	0.196969696969697	0.227272727272727	0.391774891774892	0.435064935064935
#1D405F	#1D405F	0.212121212121212	0.413419913419913	1	0.196969696969697	0.227272727272727	0.391774891774892	0.435064935064935
#1B3C5A	#1B3C5A	0.212121212121212	0.413419913419913	1	0.196969696969697	0.227272727272727	0.391774891774892	0.435064935064935
#1A3955	#1A3955	0.242424242424242	0.413419913419913	1	0.227272727272727	0.257575757575758	0.391774891774892	0.435064935064935
#183551	#183551	0.242424242424242	0.413419913419913	1	0.227272727272727	0.257575757575758	0.391774891774892	0.435064935064935
#16314C	#16314C	0.242424242424242	0.413419913419913	1	0.227272727272727	0.257575757575758	0.391774891774892	0.435064935064935
#16314C	#16314C	0.272727272727273	0.413419913419913	1	0.257575757575758	0.287878787878788	0.391774891774892	0.435064935064935
#16314C	#16314C	0.272727272727273	0.413419913419913	1	0.257575757575758	0.287878787878788	0.391774891774892	0.435064935064935
#16314C	#16314C	0.272727272727273	0.413419913419913	1	0.257575757575758	0.287878787878788	0.391774891774892	0.435064935064935
#183551	#183551	0.303030303030303	0.413419913419913	1	0.287878787878788	0.318181818181818	0.391774891774892	0.435064935064935
#1A3955	#1A3955	0.303030303030303	0.413419913419913	1	0.287878787878788	0.318181818181818	0.391774891774892	0.435064935064935
#1A3955	#1A3955	0.303030303030303	0.413419913419913	1	0.287878787878788	0.318181818181818	0.391774891774892	0.435064935064935
#1B3C5A	#1B3C5A	0.333333333333333	0.413419913419913	1	0.318181818181818	0.348484848484849	0.391774891774892	0.435064935064935
#1B3C5A	#1B3C5A	0.333333333333333	0.413419913419913	1	0.318181818181818	0.348484848484849	0.391774891774892	0.435064935064935
#1B3C5A	#1B3C5A	0.333333333333333	0.413419913419913	1	0.318181818181818	0.348484848484849	0.391774891774892	0.435064935064935
#1D405F	#1D405F	0.363636363636364	0.413419913419913	1	0.348484848484849	0.378787878787879	0.391774891774892	0.435064935064935
#1D405F	#1D405F	0.363636363636364	0.413419913419913	1	0.348484848484849	0.378787878787879	0.391774891774892	0.435064935064935
#1D405F	#1D405F	0.363636363636364	0.413419913419913	1	0.348484848484849	0.378787878787879	0.391774891774892	0.435064935064935
#1F4364	#1F4364	0.393939393939394	0.413419913419913	1	0.378787878787879	0.409090909090909	0.391774891774892	0.435064935064935
#1D405F	#1D405F	0.393939393939394	0.413419913419913	1	0.378787878787879	0.409090909090909	0.391774891774892	0.435064935064935
#1D405F	#1D405F	0.393939393939394	0.413419913419913	1	0.378787878787879	0.409090909090909	0.391774891774892	0.435064935064935
#1D405F	#1D405F	0.424242424242424	0.413419913419913	1	0.409090909090909	0.439393939393939	0.391774891774892	0.435064935064935
#1D405F	#1D405F	0.424242424242424	0.413419913419913	1	0.409090909090909	0.439393939393939	0.391774891774892	0.435064935064935
#1D405F	#1D405F	0.424242424242424	0.413419913419913	1	0.409090909090909	0.439393939393939	0.391774891774892	0.435064935064935
#1F4364	#1F4364	0.454545454545455	0.413419913419913	1	0.439393939393939	0.46969696969697	0.391774891774892	0.435064935064935
#1F4364	#1F4364	0.454545454545455	0.413419913419913	1	0.439393939393939	0.46969696969697	0.391774891774892	0.435064935064935
#214769	#214769	0.454545454545455	0.413419913419913	1	0.439393939393939	0.46969696969697	0.391774891774892	0.435064935064935
#234B6E	#234B6E	0.484848484848485	0.413419913419913	1	0.46969696969697	0.5	0.391774891774892	0.435064935064935
#254F73	#254F73	0.484848484848485	0.413419913419913	1	0.46969696969697	0.5	0.391774891774892	0.435064935064935
#275278	#275278	0.484848484848485	0.413419913419913	1	0.46969696969697	0.5	0.391774891774892	0.435064935064935
#254F73	#254F73	0.515151515151515	0.413419913419913	1	0.5	0.53030303030303	0.391774891774892	0.435064935064935
#234B6E	#234B6E	0.515151515151515	0.413419913419913	1	0.5	0.53030303030303	0.391774891774892	0.435064935064935
#234B6E	#234B6E	0.515151515151515	0.413419913419913	1	0.5	0.53030303030303	0.391774891774892	0.435064935064935
#234B6E	#234B6E	0.545454545454545	0.413419913419913	1	0.53030303030303	0.560606060606061	0.391774891774892	0.435064935064935
#234B6E	#234B6E	0.545454545454545	0.413419913419913	1	0.53030303030303	0.560606060606061	0.391774891774892	0.435064935064935
#234B6E	#234B6E	0.545454545454545	0.413419913419913	1	0.53030303030303	0.560606060606061	0.391774891774892	0.435064935064935
#234B6E	#234B6E	0.575757575757576	0.413419913419913	1	0.560606060606061	0.590909090909091	0.391774891774892	0.435064935064935
#275278	#275278	0.575757575757576	0.413419913419913	1	0.560606060606061	0.590909090909091	0.391774891774892	0.435064935064935
#28567D	#28567D	0.575757575757576	0.413419913419913	1	0.560606060606061	0.590909090909091	0.391774891774892	0.435064935064935
#2A5A82	#2A5A82	0.606060606060606	0.413419913419913	1	0.590909090909091	0.621212121212121	0.391774891774892	0.435064935064935
#2C5E88	#2C5E88	0.606060606060606	0.413419913419913	1	0.590909090909091	0.621212121212121	0.391774891774892	0.435064935064935
#2C5E88	#2C5E88	0.606060606060606	0.413419913419913	1	0.590909090909091	0.621212121212121	0.391774891774892	0.435064935064935
#2E628D	#2E628D	0.636363636363636	0.413419913419913	1	0.621212121212121	0.651515151515151	0.391774891774892	0.435064935064935
#2E628D	#2E628D	0.636363636363636	0.413419913419913	1	0.621212121212121	0.651515151515151	0.391774891774892	0.435064935064935
#2E628D	#2E628D	0.636363636363636	0.413419913419913	1	0.621212121212121	0.651515151515151	0.391774891774892	0.435064935064935
#2E628D	#2E628D	0.666666666666667	0.413419913419913	1	0.651515151515151	0.681818181818182	0.391774891774892	0.435064935064935
#2E628D	#2E628D	0.666666666666667	0.413419913419913	1	0.651515151515151	0.681818181818182	0.391774891774892	0.435064935064935
#2E628D	#2E628D	0.666666666666667	0.413419913419913	1	0.651515151515151	0.681818181818182	0.391774891774892	0.435064935064935
#2E628D	#2E628D	0.696969696969697	0.413419913419913	1	0.681818181818182	0.712121212121212	0.391774891774892	0.435064935064935
#2E628D	#2E628D	0.696969696969697	0.413419913419913	1	0.681818181818182	0.712121212121212	0.391774891774892	0.435064935064935
#2E628D	#2E628D	0.696969696969697	0.413419913419913	1	0.681818181818182	0.712121212121212	0.391774891774892	0.435064935064935
#306692	#306692	0.727272727272727	0.413419913419913	1	0.712121212121212	0.742424242424242	0.391774891774892	0.435064935064935
#326A97	#326A97	0.727272727272727	0.413419913419913	1	0.712121212121212	0.742424242424242	0.391774891774892	0.435064935064935
#3672A2	#3672A2	0.727272727272727	0.413419913419913	1	0.712121212121212	0.742424242424242	0.391774891774892	0.435064935064935
#3876A8	#3876A8	0.757575757575758	0.413419913419913	1	0.742424242424242	0.772727272727273	0.391774891774892	0.435064935064935
#3A7AAD	#3A7AAD	0.757575757575758	0.413419913419913	1	0.742424242424242	0.772727272727273	0.391774891774892	0.435064935064935
#3A7AAD	#3A7AAD	0.757575757575758	0.413419913419913	1	0.742424242424242	0.772727272727273	0.391774891774892	0.435064935064935
#3C7EB3	#3C7EB3	0.787878787878788	0.413419913419913	1	0.772727272727273	0.803030303030303	0.391774891774892	0.435064935064935
#3E82B8	#3E82B8	0.787878787878788	0.413419913419913	1	0.772727272727273	0.803030303030303	0.391774891774892	0.435064935064935
#4086BE	#4086BE	0.787878787878788	0.413419913419913	1	0.772727272727273	0.803030303030303	0.391774891774892	0.435064935064935
#438AC3	#438AC3	0.818181818181818	0.413419913419913	1	0.803030303030303	0.833333333333333	0.391774891774892	0.435064935064935
#458EC9	#458EC9	0.818181818181818	0.413419913419913	1	0.803030303030303	0.833333333333333	0.391774891774892	0.435064935064935
#4997D4	#4997D4	0.818181818181818	0.413419913419913	1	0.803030303030303	0.833333333333333	0.391774891774892	0.435064935064935
#4B9BD9	#4B9BD9	0.848484848484849	0.413419913419913	1	0.833333333333333	0.863636363636364	0.391774891774892	0.435064935064935
#4D9FDF	#4D9FDF	0.848484848484849	0.413419913419913	1	0.833333333333333	0.863636363636364	0.391774891774892	0.435064935064935
#4D9FDF	#4D9FDF	0.848484848484849	0.413419913419913	1	0.833333333333333	0.863636363636364	0.391774891774892	0.435064935064935
#4D9FDF	#4D9FDF	0.878787878787879	0.413419913419913	1	0.863636363636364	0.893939393939394	0.391774891774892	0.435064935064935
#4D9FDF	#4D9FDF	0.878787878787879	0.413419913419913	1	0.863636363636364	0.893939393939394	0.391774891774892	0.435064935064935
#4FA4E5	#4FA4E5	0.878787878787879	0.413419913419913	1	0.863636363636364	0.893939393939394	0.391774891774892	0.435064935064935
#4FA4E5	#4FA4E5	0.909090909090909	0.413419913419913	1	0.893939393939394	0.924242424242424	0.391774891774892	0.435064935064935
#4FA4E5	#4FA4E5	0.909090909090909	0.413419913419913	1	0.893939393939394	0.924242424242424	0.391774891774892	0.435064935064935
#51A8EB	#51A8EB	0.909090909090909	0.413419913419913	1	0.893939393939394	0.924242424242424	0.391774891774892	0.435064935064935
#51A8EB	#51A8EB	0.939393939393939	0.413419913419913	1	0.924242424242424	0.954545454545455	0.391774891774892	0.435064935064935
#4FA4E5	#4FA4E5	0.0606060606060606	0.413419913419913	1	0.0454545454545455	0.0757575757575758	0.391774891774892	0.435064935064935
#4D9FDF	#4D9FDF	0.0606060606060606	0.413419913419913	1	0.0454545454545455	0.0757575757575758	0.391774891774892	0.435064935064935
#4B9BD9	#4B9BD9	0.0909090909090909	0.413419913419913	1	0.0757575757575758	0.106060606060606	0.391774891774892	0.435064935064935
#4793CE	#4793CE	0.0909090909090909	0.413419913419913	1	0.0757575757575758	0.106060606060606	0.391774891774892	0.435064935064935
#458EC9	#458EC9	0.0909090909090909	0.413419913419913	1	0.0757575757575758	0.106060606060606	0.391774891774892	0.435064935064935
#438AC3	#438AC3	0.121212121212121	0.413419913419913	1	0.106060606060606	0.136363636363636	0.391774891774892	0.435064935064935
#4086BE	#4086BE	0.121212121212121	0.413419913419913	1	0.106060606060606	0.136363636363636	0.391774891774892	0.435064935064935
#3C7EB3	#3C7EB3	0.121212121212121	0.413419913419913	1	0.106060606060606	0.136363636363636	0.391774891774892	0.435064935064935
#3876A8	#3876A8	0.151515151515152	0.413419913419913	1	0.136363636363636	0.166666666666667	0.391774891774892	0.435064935064935
#346E9D	#346E9D	0.151515151515152	0.413419913419913	1	0.136363636363636	0.166666666666667	0.391774891774892	0.435064935064935
#2E628D	#2E628D	0.151515151515152	0.413419913419913	1	0.136363636363636	0.166666666666667	0.391774891774892	0.435064935064935
#2A5A82	#2A5A82	0.181818181818182	0.413419913419913	1	0.166666666666667	0.196969696969697	0.391774891774892	0.435064935064935
#275278	#275278	0.181818181818182	0.413419913419913	1	0.166666666666667	0.196969696969697	0.391774891774892	0.435064935064935
#254F73	#254F73	0.181818181818182	0.413419913419913	1	0.166666666666667	0.196969696969697	0.391774891774892	0.435064935064935
#214769	#214769	0.212121212121212	0.413419913419913	1	0.196969696969697	0.227272727272727	0.391774891774892	0.435064935064935
#1B3C5A	#1B3C5A	0.212121212121212	0.413419913419913	1	0.196969696969697	0.227272727272727	0.391774891774892	0.435064935064935
#1A3955	#1A3955	0.212121212121212	0.413419913419913	1	0.196969696969697	0.227272727272727	0.391774891774892	0.435064935064935
#183551	#183551	0.242424242424242	0.413419913419913	1	0.227272727272727	0.257575757575758	0.391774891774892	0.435064935064935
#183551	#183551	0.242424242424242	0.413419913419913	1	0.227272727272727	0.257575757575758	0.391774891774892	0.435064935064935
#16314C	#16314C	0.242424242424242	0.413419913419913	1	0.227272727272727	0.257575757575758	0.391774891774892	0.435064935064935
#16314C	#16314C	0.272727272727273	0.413419913419913	1	0.257575757575758	0.287878787878788	0.391774891774892	0.435064935064935
#16314C	#16314C	0.272727272727273	0.413419913419913	1	0.257575757575758	0.287878787878788	0.391774891774892	0.435064935064935
#16314C	#16314C	0.272727272727273	0.413419913419913	1	0.257575757575758	0.287878787878788	0.391774891774892	0.435064935064935
#1A3955	#1A3955	0.303030303030303	0.413419913419913	1	0.287878787878788	0.318181818181818	0.391774891774892	0.435064935064935
#1A3955	#1A3955	0.303030303030303	0.413419913419913	1	0.287878787878788	0.318181818181818	0.391774891774892	0.435064935064935
#1B3C5A	#1B3C5A	0.303030303030303	0.413419913419913	1	0.287878787878788	0.318181818181818	0.391774891774892	0.435064935064935
#1B3C5A	#1B3C5A	0.333333333333333	0.413419913419913	1	0.318181818181818	0.348484848484849	0.391774891774892	0.435064935064935
#1D405F	#1D405F	0.333333333333333	0.413419913419913	1	0.318181818181818	0.348484848484849	0.391774891774892	0.435064935064935
#1D405F	#1D405F	0.333333333333333	0.413419913419913	1	0.318181818181818	0.348484848484849	0.391774891774892	0.435064935064935
#1F4364	#1F4364	0.363636363636364	0.413419913419913	1	0.348484848484849	0.378787878787879	0.391774891774892	0.435064935064935
#1D405F	#1D405F	0.363636363636364	0.413419913419913	1	0.348484848484849	0.378787878787879	0.391774891774892	0.435064935064935
#1F4364	#1F4364	0.363636363636364	0.413419913419913	1	0.348484848484849	0.378787878787879	0.391774891774892	0.435064935064935
#1F4364	#1F4364	0.393939393939394	0.413419913419913	1	0.378787878787879	0.409090909090909	0.391774891774892	0.435064935064935
#1D405F	#1D405F	0.393939393939394	0.413419913419913	1	0.378787878787879	0.409090909090909	0.391774891774892	0.435064935064935
#1D405F	#1D405F	0.393939393939394	0.413419913419913	1	0.378787878787879	0.409090909090909	0.391774891774892	0.435064935064935
#1D405F	#1D405F	0.424242424242424	0.413419913419913	1	0.409090909090909	0.439393939393939	0.391774891774892	0.435064935064935
#1B3C5A	#1B3C5A	0.424242424242424	0.413419913419913	1	0.409090909090909	0.439393939393939	0.391774891774892	0.435064935064935
#1B3C5A	#1B3C5A	0.424242424242424	0.413419913419913	1	0.409090909090909	0.439393939393939	0.391774891774892	0.435064935064935
#1D405F	#1D405F	0.454545454545455	0.413419913419913	1	0.439393939393939	0.46969696969697	0.391774891774892	0.435064935064935
#1D405F	#1D405F	0.454545454545455	0.413419913419913	1	0.439393939393939	0.46969696969697	0.391774891774892	0.435064935064935
#214769	#214769	0.454545454545455	0.413419913419913	1	0.439393939393939	0.46969696969697	0.391774891774892	0.435064935064935
#234B6E	#234B6E	0.484848484848485	0.413419913419913	1	0.46969696969697	0.5	0.391774891774892	0.435064935064935
#254F73	#254F73	0.484848484848485	0.413419913419913	1	0.46969696969697	0.5	0.391774891774892	0.435064935064935
#254F73	#254F73	0.484848484848485	0.413419913419913	1	0.46969696969697	0.5	0.391774891774892	0.435064935064935
#254F73	#254F73	0.515151515151515	0.413419913419913	1	0.5	0.53030303030303	0.391774891774892	0.435064935064935
#234B6E	#234B6E	0.515151515151515	0.413419913419913	1	0.5	0.53030303030303	0.391774891774892	0.435064935064935
#234B6E	#234B6E	0.515151515151515	0.413419913419913	1	0.5	0.53030303030303	0.391774891774892	0.435064935064935
#234B6E	#234B6E	0.545454545454545	0.413419913419913	1	0.53030303030303	0.560606060606061	0.391774891774892	0.435064935064935
#234B6E	#234B6E	0.545454545454545	0.413419913419913	1	0.53030303030303	0.560606060606061	0.391774891774892	0.435064935064935
#234B6E	#234B6E	0.545454545454545	0.413419913419913	1	0.53030303030303	0.560606060606061	0.391774891774892	0.435064935064935
#254F73	#254F73	0.575757575757576	0.413419913419913	1	0.560606060606061	0.590909090909091	0.391774891774892	0.435064935064935
#28567D	#28567D	0.575757575757576	0.413419913419913	1	0.560606060606061	0.590909090909091	0.391774891774892	0.435064935064935
#28567D	#28567D	0.575757575757576	0.413419913419913	1	0.560606060606061	0.590909090909091	0.391774891774892	0.435064935064935
#2A5A82	#2A5A82	0.606060606060606	0.413419913419913	1	0.590909090909091	0.621212121212121	0.391774891774892	0.435064935064935
#2C5E88	#2C5E88	0.606060606060606	0.413419913419913	1	0.590909090909091	0.621212121212121	0.391774891774892	0.435064935064935
#2C5E88	#2C5E88	0.606060606060606	0.413419913419913	1	0.590909090909091	0.621212121212121	0.391774891774892	0.435064935064935
#2E628D	#2E628D	0.636363636363636	0.413419913419913	1	0.621212121212121	0.651515151515151	0.391774891774892	0.435064935064935
#2E628D	#2E628D	0.636363636363636	0.413419913419913	1	0.621212121212121	0.651515151515151	0.391774891774892	0.435064935064935
#2E628D	#2E628D	0.636363636363636	0.413419913419913	1	0.621212121212121	0.651515151515151	0.391774891774892	0.435064935064935
#2E628D	#2E628D	0.666666666666667	0.413419913419913	1	0.651515151515151	0.681818181818182	0.391774891774892	0.435064935064935
#2E628D	#2E628D	0.666666666666667	0.413419913419913	1	0.651515151515151	0.681818181818182	0.391774891774892	0.435064935064935
#2E628D	#2E628D	0.666666666666667	0.413419913419913	1	0.651515151515151	0.681818181818182	0.391774891774892	0.435064935064935
#2E628D	#2E628D	0.696969696969697	0.413419913419913	1	0.681818181818182	0.712121212121212	0.391774891774892	0.435064935064935
#306692	#306692	0.696969696969697	0.413419913419913	1	0.681818181818182	0.712121212121212	0.391774891774892	0.435064935064935
#306692	#306692	0.696969696969697	0.413419913419913	1	0.681818181818182	0.712121212121212	0.391774891774892	0.435064935064935
#326A97	#326A97	0.727272727272727	0.413419913419913	1	0.712121212121212	0.742424242424242	0.391774891774892	0.435064935064935
#346E9D	#346E9D	0.727272727272727	0.413419913419913	1	0.712121212121212	0.742424242424242	0.391774891774892	0.435064935064935
#3672A2	#3672A2	0.727272727272727	0.413419913419913	1	0.712121212121212	0.742424242424242	0.391774891774892	0.435064935064935
#3876A8	#3876A8	0.757575757575758	0.413419913419913	1	0.742424242424242	0.772727272727273	0.391774891774892	0.435064935064935
#3A7AAD	#3A7AAD	0.757575757575758	0.413419913419913	1	0.742424242424242	0.772727272727273	0.391774891774892	0.435064935064935
#3C7EB3	#3C7EB3	0.757575757575758	0.413419913419913	1	0.742424242424242	0.772727272727273	0.391774891774892	0.435064935064935
#3E82B8	#3E82B8	0.787878787878788	0.413419913419913	1	0.772727272727273	0.803030303030303	0.391774891774892	0.435064935064935
#4086BE	#4086BE	0.787878787878788	0.413419913419913	1	0.772727272727273	0.803030303030303	0.391774891774892	0.435064935064935
#4086BE	#4086BE	0.787878787878788	0.413419913419913	1	0.772727272727273	0.803030303030303	0.391774891774892	0.435064935064935
#438AC3	#438AC3	0.818181818181818	0.413419913419913	1	0.803030303030303	0.833333333333333	0.391774891774892	0.435064935064935
#458EC9	#458EC9	0.818181818181818	0.413419913419913	1	0.803030303030303	0.833333333333333	0.391774891774892	0.435064935064935
#4997D4	#4997D4	0.818181818181818	0.413419913419913	1	0.803030303030303	0.833333333333333	0.391774891774892	0.435064935064935
#4997D4	#4997D4	0.848484848484849	0.413419913419913	1	0.833333333333333	0.863636363636364	0.391774891774892	0.435064935064935
#4B9BD9	#4B9BD9	0.848484848484849	0.413419913419913	1	0.833333333333333	0.863636363636364	0.391774891774892	0.435064935064935
#4B9BD9	#4B9BD9	0.848484848484849	0.413419913419913	1	0.833333333333333	0.863636363636364	0.391774891774892	0.435064935064935
#4B9BD9	#4B9BD9	0.878787878787879	0.413419913419913	1	0.863636363636364	0.893939393939394	0.391774891774892	0.435064935064935
#4B9BD9	#4B9BD9	0.878787878787879	0.413419913419913	1	0.863636363636364	0.893939393939394	0.391774891774892	0.435064935064935
#4D9FDF	#4D9FDF	0.878787878787879	0.413419913419913	1	0.863636363636364	0.893939393939394	0.391774891774892	0.435064935064935
#4D9FDF	#4D9FDF	0.909090909090909	0.413419913419913	1	0.893939393939394	0.924242424242424	0.391774891774892	0.435064935064935
#4D9FDF	#4D9FDF	0.909090909090909	0.413419913419913	1	0.893939393939394	0.924242424242424	0.391774891774892	0.435064935064935
#4FA4E5	#4FA4E5	0.909090909090909	0.413419913419913	1	0.893939393939394	0.924242424242424	0.391774891774892	0.435064935064935
#51A8EB	#51A8EB	0.939393939393939	0.413419913419913	1	0.924242424242424	0.954545454545455	0.391774891774892	0.435064935064935
#4D9FDF	#4D9FDF	0.0606060606060606	0.456709956709957	1	0.0454545454545455	0.0757575757575758	0.435064935064935	0.478354978354978
#4D9FDF	#4D9FDF	0.0606060606060606	0.456709956709957	1	0.0454545454545455	0.0757575757575758	0.435064935064935	0.478354978354978
#4997D4	#4997D4	0.0909090909090909	0.456709956709957	1	0.0757575757575758	0.106060606060606	0.435064935064935	0.478354978354978
#458EC9	#458EC9	0.0909090909090909	0.456709956709957	1	0.0757575757575758	0.106060606060606	0.435064935064935	0.478354978354978
#438AC3	#438AC3	0.0909090909090909	0.456709956709957	1	0.0757575757575758	0.106060606060606	0.435064935064935	0.478354978354978
#4086BE	#4086BE	0.121212121212121	0.456709956709957	1	0.106060606060606	0.136363636363636	0.435064935064935	0.478354978354978
#3E82B8	#3E82B8	0.121212121212121	0.456709956709957	1	0.106060606060606	0.136363636363636	0.435064935064935	0.478354978354978
#3C7EB3	#3C7EB3	0.121212121212121	0.456709956709957	1	0.106060606060606	0.136363636363636	0.435064935064935	0.478354978354978
#3876A8	#3876A8	0.151515151515152	0.456709956709957	1	0.136363636363636	0.166666666666667	0.435064935064935	0.478354978354978
#306692	#306692	0.151515151515152	0.456709956709957	1	0.136363636363636	0.166666666666667	0.435064935064935	0.478354978354978
#2C5E88	#2C5E88	0.151515151515152	0.456709956709957	1	0.136363636363636	0.166666666666667	0.435064935064935	0.478354978354978
#28567D	#28567D	0.181818181818182	0.456709956709957	1	0.166666666666667	0.196969696969697	0.435064935064935	0.478354978354978
#275278	#275278	0.181818181818182	0.456709956709957	1	0.166666666666667	0.196969696969697	0.435064935064935	0.478354978354978
#234B6E	#234B6E	0.181818181818182	0.456709956709957	1	0.166666666666667	0.196969696969697	0.435064935064935	0.478354978354978
#1F4364	#1F4364	0.212121212121212	0.456709956709957	1	0.196969696969697	0.227272727272727	0.435064935064935	0.478354978354978
#1B3C5A	#1B3C5A	0.212121212121212	0.456709956709957	1	0.196969696969697	0.227272727272727	0.435064935064935	0.478354978354978
#1A3955	#1A3955	0.212121212121212	0.456709956709957	1	0.196969696969697	0.227272727272727	0.435064935064935	0.478354978354978
#183551	#183551	0.242424242424242	0.456709956709957	1	0.227272727272727	0.257575757575758	0.435064935064935	0.478354978354978
#16314C	#16314C	0.242424242424242	0.456709956709957	1	0.227272727272727	0.257575757575758	0.435064935064935	0.478354978354978
#16314C	#16314C	0.242424242424242	0.456709956709957	1	0.227272727272727	0.257575757575758	0.435064935064935	0.478354978354978
#16314C	#16314C	0.272727272727273	0.456709956709957	1	0.257575757575758	0.287878787878788	0.435064935064935	0.478354978354978
#16314C	#16314C	0.272727272727273	0.456709956709957	1	0.257575757575758	0.287878787878788	0.435064935064935	0.478354978354978
#183551	#183551	0.272727272727273	0.456709956709957	1	0.257575757575758	0.287878787878788	0.435064935064935	0.478354978354978
#1A3955	#1A3955	0.303030303030303	0.456709956709957	1	0.287878787878788	0.318181818181818	0.435064935064935	0.478354978354978
#1B3C5A	#1B3C5A	0.303030303030303	0.456709956709957	1	0.287878787878788	0.318181818181818	0.435064935064935	0.478354978354978
#1D405F	#1D405F	0.303030303030303	0.456709956709957	1	0.287878787878788	0.318181818181818	0.435064935064935	0.478354978354978
#1F4364	#1F4364	0.333333333333333	0.456709956709957	1	0.318181818181818	0.348484848484849	0.435064935064935	0.478354978354978
#1F4364	#1F4364	0.333333333333333	0.456709956709957	1	0.318181818181818	0.348484848484849	0.435064935064935	0.478354978354978
#214769	#214769	0.333333333333333	0.456709956709957	1	0.318181818181818	0.348484848484849	0.435064935064935	0.478354978354978
#214769	#214769	0.363636363636364	0.456709956709957	1	0.348484848484849	0.378787878787879	0.435064935064935	0.478354978354978
#214769	#214769	0.363636363636364	0.456709956709957	1	0.348484848484849	0.378787878787879	0.435064935064935	0.478354978354978
#214769	#214769	0.363636363636364	0.456709956709957	1	0.348484848484849	0.378787878787879	0.435064935064935	0.478354978354978
#214769	#214769	0.393939393939394	0.456709956709957	1	0.378787878787879	0.409090909090909	0.435064935064935	0.478354978354978
#1F4364	#1F4364	0.393939393939394	0.456709956709957	1	0.378787878787879	0.409090909090909	0.435064935064935	0.478354978354978
#1D405F	#1D405F	0.393939393939394	0.456709956709957	1	0.378787878787879	0.409090909090909	0.435064935064935	0.478354978354978
#1D405F	#1D405F	0.424242424242424	0.456709956709957	1	0.409090909090909	0.439393939393939	0.435064935064935	0.478354978354978
#1B3C5A	#1B3C5A	0.424242424242424	0.456709956709957	1	0.409090909090909	0.439393939393939	0.435064935064935	0.478354978354978
#1B3C5A	#1B3C5A	0.424242424242424	0.456709956709957	1	0.409090909090909	0.439393939393939	0.435064935064935	0.478354978354978
#1B3C5A	#1B3C5A	0.454545454545455	0.456709956709957	1	0.439393939393939	0.46969696969697	0.435064935064935	0.478354978354978
#1D405F	#1D405F	0.454545454545455	0.456709956709957	1	0.439393939393939	0.46969696969697	0.435064935064935	0.478354978354978
#1F4364	#1F4364	0.454545454545455	0.456709956709957	1	0.439393939393939	0.46969696969697	0.435064935064935	0.478354978354978
#234B6E	#234B6E	0.484848484848485	0.456709956709957	1	0.46969696969697	0.5	0.435064935064935	0.478354978354978
#234B6E	#234B6E	0.484848484848485	0.456709956709957	1	0.46969696969697	0.5	0.435064935064935	0.478354978354978
#254F73	#254F73	0.484848484848485	0.456709956709957	1	0.46969696969697	0.5	0.435064935064935	0.478354978354978
#234B6E	#234B6E	0.515151515151515	0.456709956709957	1	0.5	0.53030303030303	0.435064935064935	0.478354978354978
#234B6E	#234B6E	0.515151515151515	0.456709956709957	1	0.5	0.53030303030303	0.435064935064935	0.478354978354978
#234B6E	#234B6E	0.515151515151515	0.456709956709957	1	0.5	0.53030303030303	0.435064935064935	0.478354978354978
#234B6E	#234B6E	0.545454545454545	0.456709956709957	1	0.53030303030303	0.560606060606061	0.435064935064935	0.478354978354978
#234B6E	#234B6E	0.545454545454545	0.456709956709957	1	0.53030303030303	0.560606060606061	0.435064935064935	0.478354978354978
#234B6E	#234B6E	0.545454545454545	0.456709956709957	1	0.53030303030303	0.560606060606061	0.435064935064935	0.478354978354978
#254F73	#254F73	0.575757575757576	0.456709956709957	1	0.560606060606061	0.590909090909091	0.435064935064935	0.478354978354978
#28567D	#28567D	0.575757575757576	0.456709956709957	1	0.560606060606061	0.590909090909091	0.435064935064935	0.478354978354978
#2A5A82	#2A5A82	0.575757575757576	0.456709956709957	1	0.560606060606061	0.590909090909091	0.435064935064935	0.478354978354978
#2A5A82	#2A5A82	0.606060606060606	0.456709956709957	1	0.590909090909091	0.621212121212121	0.435064935064935	0.478354978354978
#2C5E88	#2C5E88	0.606060606060606	0.456709956709957	1	0.590909090909091	0.621212121212121	0.435064935064935	0.478354978354978
#2C5E88	#2C5E88	0.606060606060606	0.456709956709957	1	0.590909090909091	0.621212121212121	0.435064935064935	0.478354978354978
#2E628D	#2E628D	0.636363636363636	0.456709956709957	1	0.621212121212121	0.651515151515151	0.435064935064935	0.478354978354978
#2E628D	#2E628D	0.636363636363636	0.456709956709957	1	0.621212121212121	0.651515151515151	0.435064935064935	0.478354978354978
#2E628D	#2E628D	0.636363636363636	0.456709956709957	1	0.621212121212121	0.651515151515151	0.435064935064935	0.478354978354978
#2E628D	#2E628D	0.666666666666667	0.456709956709957	1	0.651515151515151	0.681818181818182	0.435064935064935	0.478354978354978
#2E628D	#2E628D	0.666666666666667	0.456709956709957	1	0.651515151515151	0.681818181818182	0.435064935064935	0.478354978354978
#306692	#306692	0.666666666666667	0.456709956709957	1	0.651515151515151	0.681818181818182	0.435064935064935	0.478354978354978
#306692	#306692	0.696969696969697	0.456709956709957	1	0.681818181818182	0.712121212121212	0.435064935064935	0.478354978354978
#326A97	#326A97	0.696969696969697	0.456709956709957	1	0.681818181818182	0.712121212121212	0.435064935064935	0.478354978354978
#326A97	#326A97	0.696969696969697	0.456709956709957	1	0.681818181818182	0.712121212121212	0.435064935064935	0.478354978354978
#346E9D	#346E9D	0.727272727272727	0.456709956709957	1	0.712121212121212	0.742424242424242	0.435064935064935	0.478354978354978
#3672A2	#3672A2	0.727272727272727	0.456709956709957	1	0.712121212121212	0.742424242424242	0.435064935064935	0.478354978354978
#3876A8	#3876A8	0.727272727272727	0.456709956709957	1	0.712121212121212	0.742424242424242	0.435064935064935	0.478354978354978
#3A7AAD	#3A7AAD	0.757575757575758	0.456709956709957	1	0.742424242424242	0.772727272727273	0.435064935064935	0.478354978354978
#3C7EB3	#3C7EB3	0.757575757575758	0.456709956709957	1	0.742424242424242	0.772727272727273	0.435064935064935	0.478354978354978
#3C7EB3	#3C7EB3	0.757575757575758	0.456709956709957	1	0.742424242424242	0.772727272727273	0.435064935064935	0.478354978354978
#3E82B8	#3E82B8	0.787878787878788	0.456709956709957	1	0.772727272727273	0.803030303030303	0.435064935064935	0.478354978354978
#4086BE	#4086BE	0.787878787878788	0.456709956709957	1	0.772727272727273	0.803030303030303	0.435064935064935	0.478354978354978
#438AC3	#438AC3	0.787878787878788	0.456709956709957	1	0.772727272727273	0.803030303030303	0.435064935064935	0.478354978354978
#438AC3	#438AC3	0.818181818181818	0.456709956709957	1	0.803030303030303	0.833333333333333	0.435064935064935	0.478354978354978
#458EC9	#458EC9	0.818181818181818	0.456709956709957	1	0.803030303030303	0.833333333333333	0.435064935064935	0.478354978354978
#4793CE	#4793CE	0.818181818181818	0.456709956709957	1	0.803030303030303	0.833333333333333	0.435064935064935	0.478354978354978
#4997D4	#4997D4	0.848484848484849	0.456709956709957	1	0.833333333333333	0.863636363636364	0.435064935064935	0.478354978354978
#4997D4	#4997D4	0.848484848484849	0.456709956709957	1	0.833333333333333	0.863636363636364	0.435064935064935	0.478354978354978
#4997D4	#4997D4	0.848484848484849	0.456709956709957	1	0.833333333333333	0.863636363636364	0.435064935064935	0.478354978354978
#4B9BD9	#4B9BD9	0.878787878787879	0.456709956709957	1	0.863636363636364	0.893939393939394	0.435064935064935	0.478354978354978
#4B9BD9	#4B9BD9	0.878787878787879	0.456709956709957	1	0.863636363636364	0.893939393939394	0.435064935064935	0.478354978354978
#4B9BD9	#4B9BD9	0.878787878787879	0.456709956709957	1	0.863636363636364	0.893939393939394	0.435064935064935	0.478354978354978
#4D9FDF	#4D9FDF	0.909090909090909	0.456709956709957	1	0.893939393939394	0.924242424242424	0.435064935064935	0.478354978354978
#4D9FDF	#4D9FDF	0.909090909090909	0.456709956709957	1	0.893939393939394	0.924242424242424	0.435064935064935	0.478354978354978
#4FA4E5	#4FA4E5	0.909090909090909	0.456709956709957	1	0.893939393939394	0.924242424242424	0.435064935064935	0.478354978354978
#51A8EB	#51A8EB	0.939393939393939	0.456709956709957	1	0.924242424242424	0.954545454545455	0.435064935064935	0.478354978354978
#4D9FDF	#4D9FDF	0.0606060606060606	0.456709956709957	1	0.0454545454545455	0.0757575757575758	0.435064935064935	0.478354978354978
#4B9BD9	#4B9BD9	0.0606060606060606	0.456709956709957	1	0.0454545454545455	0.0757575757575758	0.435064935064935	0.478354978354978
#4997D4	#4997D4	0.0909090909090909	0.456709956709957	1	0.0757575757575758	0.106060606060606	0.435064935064935	0.478354978354978
#458EC9	#458EC9	0.0909090909090909	0.456709956709957	1	0.0757575757575758	0.106060606060606	0.435064935064935	0.478354978354978
#438AC3	#438AC3	0.0909090909090909	0.456709956709957	1	0.0757575757575758	0.106060606060606	0.435064935064935	0.478354978354978
#3E82B8	#3E82B8	0.121212121212121	0.456709956709957	1	0.106060606060606	0.136363636363636	0.435064935064935	0.478354978354978
#3C7EB3	#3C7EB3	0.121212121212121	0.456709956709957	1	0.106060606060606	0.136363636363636	0.435064935064935	0.478354978354978
#3A7AAD	#3A7AAD	0.121212121212121	0.456709956709957	1	0.106060606060606	0.136363636363636	0.435064935064935	0.478354978354978
#3672A2	#3672A2	0.151515151515152	0.456709956709957	1	0.136363636363636	0.166666666666667	0.435064935064935	0.478354978354978
#2E628D	#2E628D	0.151515151515152	0.456709956709957	1	0.136363636363636	0.166666666666667	0.435064935064935	0.478354978354978
#2A5A82	#2A5A82	0.151515151515152	0.456709956709957	1	0.136363636363636	0.166666666666667	0.435064935064935	0.478354978354978
#28567D	#28567D	0.181818181818182	0.456709956709957	1	0.166666666666667	0.196969696969697	0.435064935064935	0.478354978354978
#254F73	#254F73	0.181818181818182	0.456709956709957	1	0.166666666666667	0.196969696969697	0.435064935064935	0.478354978354978
#234B6E	#234B6E	0.181818181818182	0.456709956709957	1	0.166666666666667	0.196969696969697	0.435064935064935	0.478354978354978
#1F4364	#1F4364	0.212121212121212	0.456709956709957	1	0.196969696969697	0.227272727272727	0.435064935064935	0.478354978354978
#1B3C5A	#1B3C5A	0.212121212121212	0.456709956709957	1	0.196969696969697	0.227272727272727	0.435064935064935	0.478354978354978
#1A3955	#1A3955	0.212121212121212	0.456709956709957	1	0.196969696969697	0.227272727272727	0.435064935064935	0.478354978354978
#183551	#183551	0.242424242424242	0.456709956709957	1	0.227272727272727	0.257575757575758	0.435064935064935	0.478354978354978
#16314C	#16314C	0.242424242424242	0.456709956709957	1	0.227272727272727	0.257575757575758	0.435064935064935	0.478354978354978
#142E47	#142E47	0.242424242424242	0.456709956709957	1	0.227272727272727	0.257575757575758	0.435064935064935	0.478354978354978
#142E47	#142E47	0.272727272727273	0.456709956709957	1	0.257575757575758	0.287878787878788	0.435064935064935	0.478354978354978
#16314C	#16314C	0.272727272727273	0.456709956709957	1	0.257575757575758	0.287878787878788	0.435064935064935	0.478354978354978
#1A3955	#1A3955	0.272727272727273	0.456709956709957	1	0.257575757575758	0.287878787878788	0.435064935064935	0.478354978354978
#1B3C5A	#1B3C5A	0.303030303030303	0.456709956709957	1	0.287878787878788	0.318181818181818	0.435064935064935	0.478354978354978
#1D405F	#1D405F	0.303030303030303	0.456709956709957	1	0.287878787878788	0.318181818181818	0.435064935064935	0.478354978354978
#214769	#214769	0.303030303030303	0.456709956709957	1	0.287878787878788	0.318181818181818	0.435064935064935	0.478354978354978
#214769	#214769	0.333333333333333	0.456709956709957	1	0.318181818181818	0.348484848484849	0.435064935064935	0.478354978354978
#234B6E	#234B6E	0.333333333333333	0.456709956709957	1	0.318181818181818	0.348484848484849	0.435064935064935	0.478354978354978
#234B6E	#234B6E	0.333333333333333	0.456709956709957	1	0.318181818181818	0.348484848484849	0.435064935064935	0.478354978354978
#254F73	#254F73	0.363636363636364	0.456709956709957	1	0.348484848484849	0.378787878787879	0.435064935064935	0.478354978354978
#234B6E	#234B6E	0.363636363636364	0.456709956709957	1	0.348484848484849	0.378787878787879	0.435064935064935	0.478354978354978
#234B6E	#234B6E	0.363636363636364	0.456709956709957	1	0.348484848484849	0.378787878787879	0.435064935064935	0.478354978354978
#214769	#214769	0.393939393939394	0.456709956709957	1	0.378787878787879	0.409090909090909	0.435064935064935	0.478354978354978
#1F4364	#1F4364	0.393939393939394	0.456709956709957	1	0.378787878787879	0.409090909090909	0.435064935064935	0.478354978354978
#1F4364	#1F4364	0.393939393939394	0.456709956709957	1	0.378787878787879	0.409090909090909	0.435064935064935	0.478354978354978
#1D405F	#1D405F	0.424242424242424	0.456709956709957	1	0.409090909090909	0.439393939393939	0.435064935064935	0.478354978354978
#1D405F	#1D405F	0.424242424242424	0.456709956709957	1	0.409090909090909	0.439393939393939	0.435064935064935	0.478354978354978
#1B3C5A	#1B3C5A	0.424242424242424	0.456709956709957	1	0.409090909090909	0.439393939393939	0.435064935064935	0.478354978354978
#1B3C5A	#1B3C5A	0.454545454545455	0.456709956709957	1	0.439393939393939	0.46969696969697	0.435064935064935	0.478354978354978
#1D405F	#1D405F	0.454545454545455	0.456709956709957	1	0.439393939393939	0.46969696969697	0.435064935064935	0.478354978354978
#1F4364	#1F4364	0.454545454545455	0.456709956709957	1	0.439393939393939	0.46969696969697	0.435064935064935	0.478354978354978
#234B6E	#234B6E	0.484848484848485	0.456709956709957	1	0.46969696969697	0.5	0.435064935064935	0.478354978354978
#234B6E	#234B6E	0.484848484848485	0.456709956709957	1	0.46969696969697	0.5	0.435064935064935	0.478354978354978
#254F73	#254F73	0.484848484848485	0.456709956709957	1	0.46969696969697	0.5	0.435064935064935	0.478354978354978
#254F73	#254F73	0.515151515151515	0.456709956709957	1	0.5	0.53030303030303	0.435064935064935	0.478354978354978
#234B6E	#234B6E	0.515151515151515	0.456709956709957	1	0.5	0.53030303030303	0.435064935064935	0.478354978354978
#234B6E	#234B6E	0.515151515151515	0.456709956709957	1	0.5	0.53030303030303	0.435064935064935	0.478354978354978
#234B6E	#234B6E	0.545454545454545	0.456709956709957	1	0.53030303030303	0.560606060606061	0.435064935064935	0.478354978354978
#234B6E	#234B6E	0.545454545454545	0.456709956709957	1	0.53030303030303	0.560606060606061	0.435064935064935	0.478354978354978
#234B6E	#234B6E	0.545454545454545	0.456709956709957	1	0.53030303030303	0.560606060606061	0.435064935064935	0.478354978354978
#275278	#275278	0.575757575757576	0.456709956709957	1	0.560606060606061	0.590909090909091	0.435064935064935	0.478354978354978
#28567D	#28567D	0.575757575757576	0.456709956709957	1	0.560606060606061	0.590909090909091	0.435064935064935	0.478354978354978
#2A5A82	#2A5A82	0.575757575757576	0.456709956709957	1	0.560606060606061	0.590909090909091	0.435064935064935	0.478354978354978
#2C5E88	#2C5E88	0.606060606060606	0.456709956709957	1	0.590909090909091	0.621212121212121	0.435064935064935	0.478354978354978
#2E628D	#2E628D	0.606060606060606	0.456709956709957	1	0.590909090909091	0.621212121212121	0.435064935064935	0.478354978354978
#2E628D	#2E628D	0.606060606060606	0.456709956709957	1	0.590909090909091	0.621212121212121	0.435064935064935	0.478354978354978
#2E628D	#2E628D	0.636363636363636	0.456709956709957	1	0.621212121212121	0.651515151515151	0.435064935064935	0.478354978354978
#306692	#306692	0.636363636363636	0.456709956709957	1	0.621212121212121	0.651515151515151	0.435064935064935	0.478354978354978
#306692	#306692	0.636363636363636	0.456709956709957	1	0.621212121212121	0.651515151515151	0.435064935064935	0.478354978354978
#306692	#306692	0.666666666666667	0.456709956709957	1	0.651515151515151	0.681818181818182	0.435064935064935	0.478354978354978
#306692	#306692	0.666666666666667	0.456709956709957	1	0.651515151515151	0.681818181818182	0.435064935064935	0.478354978354978
#326A97	#326A97	0.666666666666667	0.456709956709957	1	0.651515151515151	0.681818181818182	0.435064935064935	0.478354978354978
#326A97	#326A97	0.696969696969697	0.456709956709957	1	0.681818181818182	0.712121212121212	0.435064935064935	0.478354978354978
#346E9D	#346E9D	0.696969696969697	0.456709956709957	1	0.681818181818182	0.712121212121212	0.435064935064935	0.478354978354978
#346E9D	#346E9D	0.696969696969697	0.456709956709957	1	0.681818181818182	0.712121212121212	0.435064935064935	0.478354978354978
#346E9D	#346E9D	0.727272727272727	0.456709956709957	1	0.712121212121212	0.742424242424242	0.435064935064935	0.478354978354978
#3876A8	#3876A8	0.727272727272727	0.456709956709957	1	0.712121212121212	0.742424242424242	0.435064935064935	0.478354978354978
#3A7AAD	#3A7AAD	0.727272727272727	0.456709956709957	1	0.712121212121212	0.742424242424242	0.435064935064935	0.478354978354978
#3C7EB3	#3C7EB3	0.757575757575758	0.456709956709957	1	0.742424242424242	0.772727272727273	0.435064935064935	0.478354978354978
#3C7EB3	#3C7EB3	0.757575757575758	0.456709956709957	1	0.742424242424242	0.772727272727273	0.435064935064935	0.478354978354978
#3E82B8	#3E82B8	0.757575757575758	0.456709956709957	1	0.742424242424242	0.772727272727273	0.435064935064935	0.478354978354978
#4086BE	#4086BE	0.787878787878788	0.456709956709957	1	0.772727272727273	0.803030303030303	0.435064935064935	0.478354978354978
#4086BE	#4086BE	0.787878787878788	0.456709956709957	1	0.772727272727273	0.803030303030303	0.435064935064935	0.478354978354978
#438AC3	#438AC3	0.787878787878788	0.456709956709957	1	0.772727272727273	0.803030303030303	0.435064935064935	0.478354978354978
#458EC9	#458EC9	0.818181818181818	0.456709956709957	1	0.803030303030303	0.833333333333333	0.435064935064935	0.478354978354978
#458EC9	#458EC9	0.818181818181818	0.456709956709957	1	0.803030303030303	0.833333333333333	0.435064935064935	0.478354978354978
#4793CE	#4793CE	0.818181818181818	0.456709956709957	1	0.803030303030303	0.833333333333333	0.435064935064935	0.478354978354978
#4997D4	#4997D4	0.848484848484849	0.456709956709957	1	0.833333333333333	0.863636363636364	0.435064935064935	0.478354978354978
#4997D4	#4997D4	0.848484848484849	0.456709956709957	1	0.833333333333333	0.863636363636364	0.435064935064935	0.478354978354978
#4997D4	#4997D4	0.848484848484849	0.456709956709957	1	0.833333333333333	0.863636363636364	0.435064935064935	0.478354978354978
#4997D4	#4997D4	0.878787878787879	0.456709956709957	1	0.863636363636364	0.893939393939394	0.435064935064935	0.478354978354978
#4B9BD9	#4B9BD9	0.878787878787879	0.456709956709957	1	0.863636363636364	0.893939393939394	0.435064935064935	0.478354978354978
#4B9BD9	#4B9BD9	0.878787878787879	0.456709956709957	1	0.863636363636364	0.893939393939394	0.435064935064935	0.478354978354978
#4B9BD9	#4B9BD9	0.909090909090909	0.456709956709957	1	0.893939393939394	0.924242424242424	0.435064935064935	0.478354978354978
#4B9BD9	#4B9BD9	0.909090909090909	0.456709956709957	1	0.893939393939394	0.924242424242424	0.435064935064935	0.478354978354978
#4D9FDF	#4D9FDF	0.909090909090909	0.456709956709957	1	0.893939393939394	0.924242424242424	0.435064935064935	0.478354978354978
#51A8EB	#51A8EB	0.939393939393939	0.456709956709957	1	0.924242424242424	0.954545454545455	0.435064935064935	0.478354978354978
#4D9FDF	#4D9FDF	0.0606060606060606	0.456709956709957	1	0.0454545454545455	0.0757575757575758	0.435064935064935	0.478354978354978
#4B9BD9	#4B9BD9	0.0606060606060606	0.456709956709957	1	0.0454545454545455	0.0757575757575758	0.435064935064935	0.478354978354978
#4793CE	#4793CE	0.0909090909090909	0.456709956709957	1	0.0757575757575758	0.106060606060606	0.435064935064935	0.478354978354978
#458EC9	#458EC9	0.0909090909090909	0.456709956709957	1	0.0757575757575758	0.106060606060606	0.435064935064935	0.478354978354978
#438AC3	#438AC3	0.0909090909090909	0.456709956709957	1	0.0757575757575758	0.106060606060606	0.435064935064935	0.478354978354978
#3E82B8	#3E82B8	0.121212121212121	0.456709956709957	1	0.106060606060606	0.136363636363636	0.435064935064935	0.478354978354978
#3C7EB3	#3C7EB3	0.121212121212121	0.456709956709957	1	0.106060606060606	0.136363636363636	0.435064935064935	0.478354978354978
#3876A8	#3876A8	0.121212121212121	0.456709956709957	1	0.106060606060606	0.136363636363636	0.435064935064935	0.478354978354978
#346E9D	#346E9D	0.151515151515152	0.456709956709957	1	0.136363636363636	0.166666666666667	0.435064935064935	0.478354978354978
#2E628D	#2E628D	0.151515151515152	0.456709956709957	1	0.136363636363636	0.166666666666667	0.435064935064935	0.478354978354978
#28567D	#28567D	0.151515151515152	0.456709956709957	1	0.136363636363636	0.166666666666667	0.435064935064935	0.478354978354978
#275278	#275278	0.181818181818182	0.456709956709957	1	0.166666666666667	0.196969696969697	0.435064935064935	0.478354978354978
#254F73	#254F73	0.181818181818182	0.456709956709957	1	0.166666666666667	0.196969696969697	0.435064935064935	0.478354978354978
#214769	#214769	0.181818181818182	0.456709956709957	1	0.166666666666667	0.196969696969697	0.435064935064935	0.478354978354978
#1D405F	#1D405F	0.212121212121212	0.456709956709957	1	0.196969696969697	0.227272727272727	0.435064935064935	0.478354978354978
#1B3C5A	#1B3C5A	0.212121212121212	0.456709956709957	1	0.196969696969697	0.227272727272727	0.435064935064935	0.478354978354978
#1A3955	#1A3955	0.212121212121212	0.456709956709957	1	0.196969696969697	0.227272727272727	0.435064935064935	0.478354978354978
#16314C	#16314C	0.242424242424242	0.456709956709957	1	0.227272727272727	0.257575757575758	0.435064935064935	0.478354978354978
#142E47	#142E47	0.242424242424242	0.456709956709957	1	0.227272727272727	0.257575757575758	0.435064935064935	0.478354978354978
#142E47	#142E47	0.242424242424242	0.456709956709957	1	0.227272727272727	0.257575757575758	0.435064935064935	0.478354978354978
#16314C	#16314C	0.272727272727273	0.456709956709957	1	0.257575757575758	0.287878787878788	0.435064935064935	0.478354978354978
#183551	#183551	0.272727272727273	0.456709956709957	1	0.257575757575758	0.287878787878788	0.435064935064935	0.478354978354978
#1A3955	#1A3955	0.272727272727273	0.456709956709957	1	0.257575757575758	0.287878787878788	0.435064935064935	0.478354978354978
#1D405F	#1D405F	0.303030303030303	0.456709956709957	1	0.287878787878788	0.318181818181818	0.435064935064935	0.478354978354978
#1F4364	#1F4364	0.303030303030303	0.456709956709957	1	0.287878787878788	0.318181818181818	0.435064935064935	0.478354978354978
#234B6E	#234B6E	0.303030303030303	0.456709956709957	1	0.287878787878788	0.318181818181818	0.435064935064935	0.478354978354978
#254F73	#254F73	0.333333333333333	0.456709956709957	1	0.318181818181818	0.348484848484849	0.435064935064935	0.478354978354978
#254F73	#254F73	0.333333333333333	0.456709956709957	1	0.318181818181818	0.348484848484849	0.435064935064935	0.478354978354978
#275278	#275278	0.333333333333333	0.456709956709957	1	0.318181818181818	0.348484848484849	0.435064935064935	0.478354978354978
#275278	#275278	0.363636363636364	0.456709956709957	1	0.348484848484849	0.378787878787879	0.435064935064935	0.478354978354978
#254F73	#254F73	0.363636363636364	0.456709956709957	1	0.348484848484849	0.378787878787879	0.435064935064935	0.478354978354978
#254F73	#254F73	0.363636363636364	0.456709956709957	1	0.348484848484849	0.378787878787879	0.435064935064935	0.478354978354978
#234B6E	#234B6E	0.393939393939394	0.456709956709957	1	0.378787878787879	0.409090909090909	0.435064935064935	0.478354978354978
#214769	#214769	0.393939393939394	0.456709956709957	1	0.378787878787879	0.409090909090909	0.435064935064935	0.478354978354978
#1F4364	#1F4364	0.393939393939394	0.456709956709957	1	0.378787878787879	0.409090909090909	0.435064935064935	0.478354978354978
#1D405F	#1D405F	0.424242424242424	0.456709956709957	1	0.409090909090909	0.439393939393939	0.435064935064935	0.478354978354978
#1D405F	#1D405F	0.424242424242424	0.456709956709957	1	0.409090909090909	0.439393939393939	0.435064935064935	0.478354978354978
#1B3C5A	#1B3C5A	0.424242424242424	0.456709956709957	1	0.409090909090909	0.439393939393939	0.435064935064935	0.478354978354978
#1B3C5A	#1B3C5A	0.454545454545455	0.456709956709957	1	0.439393939393939	0.46969696969697	0.435064935064935	0.478354978354978
#1D405F	#1D405F	0.454545454545455	0.456709956709957	1	0.439393939393939	0.46969696969697	0.435064935064935	0.478354978354978
#214769	#214769	0.454545454545455	0.456709956709957	1	0.439393939393939	0.46969696969697	0.435064935064935	0.478354978354978
#234B6E	#234B6E	0.484848484848485	0.456709956709957	1	0.46969696969697	0.5	0.435064935064935	0.478354978354978
#254F73	#254F73	0.484848484848485	0.456709956709957	1	0.46969696969697	0.5	0.435064935064935	0.478354978354978
#254F73	#254F73	0.484848484848485	0.456709956709957	1	0.46969696969697	0.5	0.435064935064935	0.478354978354978
#254F73	#254F73	0.515151515151515	0.456709956709957	1	0.5	0.53030303030303	0.435064935064935	0.478354978354978
#254F73	#254F73	0.515151515151515	0.456709956709957	1	0.5	0.53030303030303	0.435064935064935	0.478354978354978
#254F73	#254F73	0.515151515151515	0.456709956709957	1	0.5	0.53030303030303	0.435064935064935	0.478354978354978
#234B6E	#234B6E	0.545454545454545	0.456709956709957	1	0.53030303030303	0.560606060606061	0.435064935064935	0.478354978354978
#234B6E	#234B6E	0.545454545454545	0.456709956709957	1	0.53030303030303	0.560606060606061	0.435064935064935	0.478354978354978
#254F73	#254F73	0.545454545454545	0.456709956709957	1	0.53030303030303	0.560606060606061	0.435064935064935	0.478354978354978
#275278	#275278	0.575757575757576	0.456709956709957	1	0.560606060606061	0.590909090909091	0.435064935064935	0.478354978354978
#28567D	#28567D	0.575757575757576	0.456709956709957	1	0.560606060606061	0.590909090909091	0.435064935064935	0.478354978354978
#2A5A82	#2A5A82	0.575757575757576	0.456709956709957	1	0.560606060606061	0.590909090909091	0.435064935064935	0.478354978354978
#2C5E88	#2C5E88	0.606060606060606	0.456709956709957	1	0.590909090909091	0.621212121212121	0.435064935064935	0.478354978354978
#2E628D	#2E628D	0.606060606060606	0.456709956709957	1	0.590909090909091	0.621212121212121	0.435064935064935	0.478354978354978
#306692	#306692	0.606060606060606	0.456709956709957	1	0.590909090909091	0.621212121212121	0.435064935064935	0.478354978354978
#306692	#306692	0.636363636363636	0.456709956709957	1	0.621212121212121	0.651515151515151	0.435064935064935	0.478354978354978
#306692	#306692	0.636363636363636	0.456709956709957	1	0.621212121212121	0.651515151515151	0.435064935064935	0.478354978354978
#326A97	#326A97	0.636363636363636	0.456709956709957	1	0.621212121212121	0.651515151515151	0.435064935064935	0.478354978354978
#326A97	#326A97	0.666666666666667	0.456709956709957	1	0.651515151515151	0.681818181818182	0.435064935064935	0.478354978354978
#346E9D	#346E9D	0.666666666666667	0.456709956709957	1	0.651515151515151	0.681818181818182	0.435064935064935	0.478354978354978
#346E9D	#346E9D	0.666666666666667	0.456709956709957	1	0.651515151515151	0.681818181818182	0.435064935064935	0.478354978354978
#346E9D	#346E9D	0.696969696969697	0.456709956709957	1	0.681818181818182	0.712121212121212	0.435064935064935	0.478354978354978
#3672A2	#3672A2	0.696969696969697	0.456709956709957	1	0.681818181818182	0.712121212121212	0.435064935064935	0.478354978354978
#3672A2	#3672A2	0.696969696969697	0.456709956709957	1	0.681818181818182	0.712121212121212	0.435064935064935	0.478354978354978
#3672A2	#3672A2	0.727272727272727	0.456709956709957	1	0.712121212121212	0.742424242424242	0.435064935064935	0.478354978354978
#3A7AAD	#3A7AAD	0.727272727272727	0.456709956709957	1	0.712121212121212	0.742424242424242	0.435064935064935	0.478354978354978
#3C7EB3	#3C7EB3	0.727272727272727	0.456709956709957	1	0.712121212121212	0.742424242424242	0.435064935064935	0.478354978354978
#3E82B8	#3E82B8	0.757575757575758	0.456709956709957	1	0.742424242424242	0.772727272727273	0.435064935064935	0.478354978354978
#3E82B8	#3E82B8	0.757575757575758	0.456709956709957	1	0.742424242424242	0.772727272727273	0.435064935064935	0.478354978354978
#4086BE	#4086BE	0.757575757575758	0.456709956709957	1	0.742424242424242	0.772727272727273	0.435064935064935	0.478354978354978
#4086BE	#4086BE	0.787878787878788	0.456709956709957	1	0.772727272727273	0.803030303030303	0.435064935064935	0.478354978354978
#438AC3	#438AC3	0.787878787878788	0.456709956709957	1	0.772727272727273	0.803030303030303	0.435064935064935	0.478354978354978
#438AC3	#438AC3	0.787878787878788	0.456709956709957	1	0.772727272727273	0.803030303030303	0.435064935064935	0.478354978354978
#458EC9	#458EC9	0.818181818181818	0.456709956709957	1	0.803030303030303	0.833333333333333	0.435064935064935	0.478354978354978
#458EC9	#458EC9	0.818181818181818	0.456709956709957	1	0.803030303030303	0.833333333333333	0.435064935064935	0.478354978354978
#4793CE	#4793CE	0.818181818181818	0.456709956709957	1	0.803030303030303	0.833333333333333	0.435064935064935	0.478354978354978
#4997D4	#4997D4	0.848484848484849	0.456709956709957	1	0.833333333333333	0.863636363636364	0.435064935064935	0.478354978354978
#4997D4	#4997D4	0.848484848484849	0.456709956709957	1	0.833333333333333	0.863636363636364	0.435064935064935	0.478354978354978
#4997D4	#4997D4	0.848484848484849	0.456709956709957	1	0.833333333333333	0.863636363636364	0.435064935064935	0.478354978354978
#4997D4	#4997D4	0.878787878787879	0.456709956709957	1	0.863636363636364	0.893939393939394	0.435064935064935	0.478354978354978
#4997D4	#4997D4	0.878787878787879	0.456709956709957	1	0.863636363636364	0.893939393939394	0.435064935064935	0.478354978354978
#4B9BD9	#4B9BD9	0.878787878787879	0.456709956709957	1	0.863636363636364	0.893939393939394	0.435064935064935	0.478354978354978
#4B9BD9	#4B9BD9	0.909090909090909	0.456709956709957	1	0.893939393939394	0.924242424242424	0.435064935064935	0.478354978354978
#4B9BD9	#4B9BD9	0.909090909090909	0.456709956709957	1	0.893939393939394	0.924242424242424	0.435064935064935	0.478354978354978
#4D9FDF	#4D9FDF	0.909090909090909	0.456709956709957	1	0.893939393939394	0.924242424242424	0.435064935064935	0.478354978354978
#51A8EB	#51A8EB	0.939393939393939	0.456709956709957	1	0.924242424242424	0.954545454545455	0.435064935064935	0.478354978354978
#4D9FDF	#4D9FDF	0.0606060606060606	0.5	1	0.0454545454545455	0.0757575757575758	0.478354978354978	0.521645021645022
#4B9BD9	#4B9BD9	0.0606060606060606	0.5	1	0.0454545454545455	0.0757575757575758	0.478354978354978	0.521645021645022
#4793CE	#4793CE	0.0909090909090909	0.5	1	0.0757575757575758	0.106060606060606	0.478354978354978	0.521645021645022
#458EC9	#458EC9	0.0909090909090909	0.5	1	0.0757575757575758	0.106060606060606	0.478354978354978	0.521645021645022
#4086BE	#4086BE	0.0909090909090909	0.5	1	0.0757575757575758	0.106060606060606	0.478354978354978	0.521645021645022
#3C7EB3	#3C7EB3	0.121212121212121	0.5	1	0.106060606060606	0.136363636363636	0.478354978354978	0.521645021645022
#3876A8	#3876A8	0.121212121212121	0.5	1	0.106060606060606	0.136363636363636	0.478354978354978	0.521645021645022
#346E9D	#346E9D	0.121212121212121	0.5	1	0.106060606060606	0.136363636363636	0.478354978354978	0.521645021645022
#326A97	#326A97	0.151515151515152	0.5	1	0.136363636363636	0.166666666666667	0.478354978354978	0.521645021645022
#2A5A82	#2A5A82	0.151515151515152	0.5	1	0.136363636363636	0.166666666666667	0.478354978354978	0.521645021645022
#28567D	#28567D	0.151515151515152	0.5	1	0.136363636363636	0.166666666666667	0.478354978354978	0.521645021645022
#254F73	#254F73	0.181818181818182	0.5	1	0.166666666666667	0.196969696969697	0.478354978354978	0.521645021645022
#234B6E	#234B6E	0.181818181818182	0.5	1	0.166666666666667	0.196969696969697	0.478354978354978	0.521645021645022
#214769	#214769	0.181818181818182	0.5	1	0.166666666666667	0.196969696969697	0.478354978354978	0.521645021645022
#1D405F	#1D405F	0.212121212121212	0.5	1	0.196969696969697	0.227272727272727	0.478354978354978	0.521645021645022
#1B3C5A	#1B3C5A	0.212121212121212	0.5	1	0.196969696969697	0.227272727272727	0.478354978354978	0.521645021645022
#183551	#183551	0.212121212121212	0.5	1	0.196969696969697	0.227272727272727	0.478354978354978	0.521645021645022
#16314C	#16314C	0.242424242424242	0.5	1	0.227272727272727	0.257575757575758	0.478354978354978	0.521645021645022
#142E47	#142E47	0.242424242424242	0.5	1	0.227272727272727	0.257575757575758	0.478354978354978	0.521645021645022
#142E47	#142E47	0.242424242424242	0.5	1	0.227272727272727	0.257575757575758	0.478354978354978	0.521645021645022
#16314C	#16314C	0.272727272727273	0.5	1	0.257575757575758	0.287878787878788	0.478354978354978	0.521645021645022
#1A3955	#1A3955	0.272727272727273	0.5	1	0.257575757575758	0.287878787878788	0.478354978354978	0.521645021645022
#1D405F	#1D405F	0.272727272727273	0.5	1	0.257575757575758	0.287878787878788	0.478354978354978	0.521645021645022
#1F4364	#1F4364	0.303030303030303	0.5	1	0.287878787878788	0.318181818181818	0.478354978354978	0.521645021645022
#234B6E	#234B6E	0.303030303030303	0.5	1	0.287878787878788	0.318181818181818	0.478354978354978	0.521645021645022
#254F73	#254F73	0.303030303030303	0.5	1	0.287878787878788	0.318181818181818	0.478354978354978	0.521645021645022
#275278	#275278	0.333333333333333	0.5	1	0.318181818181818	0.348484848484849	0.478354978354978	0.521645021645022
#28567D	#28567D	0.333333333333333	0.5	1	0.318181818181818	0.348484848484849	0.478354978354978	0.521645021645022
#28567D	#28567D	0.333333333333333	0.5	1	0.318181818181818	0.348484848484849	0.478354978354978	0.521645021645022
#28567D	#28567D	0.363636363636364	0.5	1	0.348484848484849	0.378787878787879	0.478354978354978	0.521645021645022
#28567D	#28567D	0.363636363636364	0.5	1	0.348484848484849	0.378787878787879	0.478354978354978	0.521645021645022
#275278	#275278	0.363636363636364	0.5	1	0.348484848484849	0.378787878787879	0.478354978354978	0.521645021645022
#254F73	#254F73	0.393939393939394	0.5	1	0.378787878787879	0.409090909090909	0.478354978354978	0.521645021645022
#234B6E	#234B6E	0.393939393939394	0.5	1	0.378787878787879	0.409090909090909	0.478354978354978	0.521645021645022
#214769	#214769	0.393939393939394	0.5	1	0.378787878787879	0.409090909090909	0.478354978354978	0.521645021645022
#1F4364	#1F4364	0.424242424242424	0.5	1	0.409090909090909	0.439393939393939	0.478354978354978	0.521645021645022
#1D405F	#1D405F	0.424242424242424	0.5	1	0.409090909090909	0.439393939393939	0.478354978354978	0.521645021645022
#1D405F	#1D405F	0.424242424242424	0.5	1	0.409090909090909	0.439393939393939	0.478354978354978	0.521645021645022
#1D405F	#1D405F	0.454545454545455	0.5	1	0.439393939393939	0.46969696969697	0.478354978354978	0.521645021645022
#1F4364	#1F4364	0.454545454545455	0.5	1	0.439393939393939	0.46969696969697	0.478354978354978	0.521645021645022
#214769	#214769	0.454545454545455	0.5	1	0.439393939393939	0.46969696969697	0.478354978354978	0.521645021645022
#234B6E	#234B6E	0.484848484848485	0.5	1	0.46969696969697	0.5	0.478354978354978	0.521645021645022
#254F73	#254F73	0.484848484848485	0.5	1	0.46969696969697	0.5	0.478354978354978	0.521645021645022
#275278	#275278	0.484848484848485	0.5	1	0.46969696969697	0.5	0.478354978354978	0.521645021645022
#275278	#275278	0.515151515151515	0.5	1	0.5	0.53030303030303	0.478354978354978	0.521645021645022
#275278	#275278	0.515151515151515	0.5	1	0.5	0.53030303030303	0.478354978354978	0.521645021645022
#275278	#275278	0.515151515151515	0.5	1	0.5	0.53030303030303	0.478354978354978	0.521645021645022
#254F73	#254F73	0.545454545454545	0.5	1	0.53030303030303	0.560606060606061	0.478354978354978	0.521645021645022
#254F73	#254F73	0.545454545454545	0.5	1	0.53030303030303	0.560606060606061	0.478354978354978	0.521645021645022
#275278	#275278	0.545454545454545	0.5	1	0.53030303030303	0.560606060606061	0.478354978354978	0.521645021645022
#28567D	#28567D	0.575757575757576	0.5	1	0.560606060606061	0.590909090909091	0.478354978354978	0.521645021645022
#2A5A82	#2A5A82	0.575757575757576	0.5	1	0.560606060606061	0.590909090909091	0.478354978354978	0.521645021645022
#2C5E88	#2C5E88	0.575757575757576	0.5	1	0.560606060606061	0.590909090909091	0.478354978354978	0.521645021645022
#2E628D	#2E628D	0.606060606060606	0.5	1	0.590909090909091	0.621212121212121	0.478354978354978	0.521645021645022
#2E628D	#2E628D	0.606060606060606	0.5	1	0.590909090909091	0.621212121212121	0.478354978354978	0.521645021645022
#306692	#306692	0.606060606060606	0.5	1	0.590909090909091	0.621212121212121	0.478354978354978	0.521645021645022
#326A97	#326A97	0.636363636363636	0.5	1	0.621212121212121	0.651515151515151	0.478354978354978	0.521645021645022
#326A97	#326A97	0.636363636363636	0.5	1	0.621212121212121	0.651515151515151	0.478354978354978	0.521645021645022
#346E9D	#346E9D	0.636363636363636	0.5	1	0.621212121212121	0.651515151515151	0.478354978354978	0.521645021645022
#346E9D	#346E9D	0.666666666666667	0.5	1	0.651515151515151	0.681818181818182	0.478354978354978	0.521645021645022
#346E9D	#346E9D	0.666666666666667	0.5	1	0.651515151515151	0.681818181818182	0.478354978354978	0.521645021645022
#3672A2	#3672A2	0.666666666666667	0.5	1	0.651515151515151	0.681818181818182	0.478354978354978	0.521645021645022
#3672A2	#3672A2	0.696969696969697	0.5	1	0.681818181818182	0.712121212121212	0.478354978354978	0.521645021645022
#3672A2	#3672A2	0.696969696969697	0.5	1	0.681818181818182	0.712121212121212	0.478354978354978	0.521645021645022
#3876A8	#3876A8	0.696969696969697	0.5	1	0.681818181818182	0.712121212121212	0.478354978354978	0.521645021645022
#3876A8	#3876A8	0.727272727272727	0.5	1	0.712121212121212	0.742424242424242	0.478354978354978	0.521645021645022
#3C7EB3	#3C7EB3	0.727272727272727	0.5	1	0.712121212121212	0.742424242424242	0.478354978354978	0.521645021645022
#3E82B8	#3E82B8	0.727272727272727	0.5	1	0.712121212121212	0.742424242424242	0.478354978354978	0.521645021645022
#3E82B8	#3E82B8	0.757575757575758	0.5	1	0.742424242424242	0.772727272727273	0.478354978354978	0.521645021645022
#4086BE	#4086BE	0.757575757575758	0.5	1	0.742424242424242	0.772727272727273	0.478354978354978	0.521645021645022
#4086BE	#4086BE	0.757575757575758	0.5	1	0.742424242424242	0.772727272727273	0.478354978354978	0.521645021645022
#438AC3	#438AC3	0.787878787878788	0.5	1	0.772727272727273	0.803030303030303	0.478354978354978	0.521645021645022
#438AC3	#438AC3	0.787878787878788	0.5	1	0.772727272727273	0.803030303030303	0.478354978354978	0.521645021645022
#458EC9	#458EC9	0.787878787878788	0.5	1	0.772727272727273	0.803030303030303	0.478354978354978	0.521645021645022
#458EC9	#458EC9	0.818181818181818	0.5	1	0.803030303030303	0.833333333333333	0.478354978354978	0.521645021645022
#4793CE	#4793CE	0.818181818181818	0.5	1	0.803030303030303	0.833333333333333	0.478354978354978	0.521645021645022
#4793CE	#4793CE	0.818181818181818	0.5	1	0.803030303030303	0.833333333333333	0.478354978354978	0.521645021645022
#4997D4	#4997D4	0.848484848484849	0.5	1	0.833333333333333	0.863636363636364	0.478354978354978	0.521645021645022
#4997D4	#4997D4	0.848484848484849	0.5	1	0.833333333333333	0.863636363636364	0.478354978354978	0.521645021645022
#4997D4	#4997D4	0.848484848484849	0.5	1	0.833333333333333	0.863636363636364	0.478354978354978	0.521645021645022
#4997D4	#4997D4	0.878787878787879	0.5	1	0.863636363636364	0.893939393939394	0.478354978354978	0.521645021645022
#4B9BD9	#4B9BD9	0.878787878787879	0.5	1	0.863636363636364	0.893939393939394	0.478354978354978	0.521645021645022
#4B9BD9	#4B9BD9	0.878787878787879	0.5	1	0.863636363636364	0.893939393939394	0.478354978354978	0.521645021645022
#4B9BD9	#4B9BD9	0.909090909090909	0.5	1	0.893939393939394	0.924242424242424	0.478354978354978	0.521645021645022
#4B9BD9	#4B9BD9	0.909090909090909	0.5	1	0.893939393939394	0.924242424242424	0.478354978354978	0.521645021645022
#4D9FDF	#4D9FDF	0.909090909090909	0.5	1	0.893939393939394	0.924242424242424	0.478354978354978	0.521645021645022
#51A8EB	#51A8EB	0.939393939393939	0.5	1	0.924242424242424	0.954545454545455	0.478354978354978	0.521645021645022
#4B9BD9	#4B9BD9	0.0606060606060606	0.5	1	0.0454545454545455	0.0757575757575758	0.478354978354978	0.521645021645022
#4B9BD9	#4B9BD9	0.0606060606060606	0.5	1	0.0454545454545455	0.0757575757575758	0.478354978354978	0.521645021645022
#4793CE	#4793CE	0.0909090909090909	0.5	1	0.0757575757575758	0.106060606060606	0.478354978354978	0.521645021645022
#438AC3	#438AC3	0.0909090909090909	0.5	1	0.0757575757575758	0.106060606060606	0.478354978354978	0.521645021645022
#3E82B8	#3E82B8	0.0909090909090909	0.5	1	0.0757575757575758	0.106060606060606	0.478354978354978	0.521645021645022
#3A7AAD	#3A7AAD	0.121212121212121	0.5	1	0.106060606060606	0.136363636363636	0.478354978354978	0.521645021645022
#3672A2	#3672A2	0.121212121212121	0.5	1	0.106060606060606	0.136363636363636	0.478354978354978	0.521645021645022
#326A97	#326A97	0.121212121212121	0.5	1	0.106060606060606	0.136363636363636	0.478354978354978	0.521645021645022
#2E628D	#2E628D	0.151515151515152	0.5	1	0.136363636363636	0.166666666666667	0.478354978354978	0.521645021645022
#2A5A82	#2A5A82	0.151515151515152	0.5	1	0.136363636363636	0.166666666666667	0.478354978354978	0.521645021645022
#275278	#275278	0.151515151515152	0.5	1	0.136363636363636	0.166666666666667	0.478354978354978	0.521645021645022
#254F73	#254F73	0.181818181818182	0.5	1	0.166666666666667	0.196969696969697	0.478354978354978	0.521645021645022
#234B6E	#234B6E	0.181818181818182	0.5	1	0.166666666666667	0.196969696969697	0.478354978354978	0.521645021645022
#1F4364	#1F4364	0.181818181818182	0.5	1	0.166666666666667	0.196969696969697	0.478354978354978	0.521645021645022
#1B3C5A	#1B3C5A	0.212121212121212	0.5	1	0.196969696969697	0.227272727272727	0.478354978354978	0.521645021645022
#1A3955	#1A3955	0.212121212121212	0.5	1	0.196969696969697	0.227272727272727	0.478354978354978	0.521645021645022
#183551	#183551	0.212121212121212	0.5	1	0.196969696969697	0.227272727272727	0.478354978354978	0.521645021645022
#16314C	#16314C	0.242424242424242	0.5	1	0.227272727272727	0.257575757575758	0.478354978354978	0.521645021645022
#142E47	#142E47	0.242424242424242	0.5	1	0.227272727272727	0.257575757575758	0.478354978354978	0.521645021645022
#132B43	#132B43	0.242424242424242	0.5	1	0.227272727272727	0.257575757575758	0.478354978354978	0.521645021645022
#16314C	#16314C	0.272727272727273	0.5	1	0.257575757575758	0.287878787878788	0.478354978354978	0.521645021645022
#1A3955	#1A3955	0.272727272727273	0.5	1	0.257575757575758	0.287878787878788	0.478354978354978	0.521645021645022
#1F4364	#1F4364	0.272727272727273	0.5	1	0.257575757575758	0.287878787878788	0.478354978354978	0.521645021645022
#214769	#214769	0.303030303030303	0.5	1	0.287878787878788	0.318181818181818	0.478354978354978	0.521645021645022
#254F73	#254F73	0.303030303030303	0.5	1	0.287878787878788	0.318181818181818	0.478354978354978	0.521645021645022
#275278	#275278	0.303030303030303	0.5	1	0.287878787878788	0.318181818181818	0.478354978354978	0.521645021645022
#28567D	#28567D	0.333333333333333	0.5	1	0.318181818181818	0.348484848484849	0.478354978354978	0.521645021645022
#2A5A82	#2A5A82	0.333333333333333	0.5	1	0.318181818181818	0.348484848484849	0.478354978354978	0.521645021645022
#2A5A82	#2A5A82	0.333333333333333	0.5	1	0.318181818181818	0.348484848484849	0.478354978354978	0.521645021645022
#2A5A82	#2A5A82	0.363636363636364	0.5	1	0.348484848484849	0.378787878787879	0.478354978354978	0.521645021645022
#2A5A82	#2A5A82	0.363636363636364	0.5	1	0.348484848484849	0.378787878787879	0.478354978354978	0.521645021645022
#28567D	#28567D	0.363636363636364	0.5	1	0.348484848484849	0.378787878787879	0.478354978354978	0.521645021645022
#275278	#275278	0.393939393939394	0.5	1	0.378787878787879	0.409090909090909	0.478354978354978	0.521645021645022
#254F73	#254F73	0.393939393939394	0.5	1	0.378787878787879	0.409090909090909	0.478354978354978	0.521645021645022
#234B6E	#234B6E	0.393939393939394	0.5	1	0.378787878787879	0.409090909090909	0.478354978354978	0.521645021645022
#1F4364	#1F4364	0.424242424242424	0.5	1	0.409090909090909	0.439393939393939	0.478354978354978	0.521645021645022
#1F4364	#1F4364	0.424242424242424	0.5	1	0.409090909090909	0.439393939393939	0.478354978354978	0.521645021645022
#1D405F	#1D405F	0.424242424242424	0.5	1	0.409090909090909	0.439393939393939	0.478354978354978	0.521645021645022
#1D405F	#1D405F	0.454545454545455	0.5	1	0.439393939393939	0.46969696969697	0.478354978354978	0.521645021645022
#1F4364	#1F4364	0.454545454545455	0.5	1	0.439393939393939	0.46969696969697	0.478354978354978	0.521645021645022
#214769	#214769	0.454545454545455	0.5	1	0.439393939393939	0.46969696969697	0.478354978354978	0.521645021645022
#254F73	#254F73	0.484848484848485	0.5	1	0.46969696969697	0.5	0.478354978354978	0.521645021645022
#275278	#275278	0.484848484848485	0.5	1	0.46969696969697	0.5	0.478354978354978	0.521645021645022
#28567D	#28567D	0.484848484848485	0.5	1	0.46969696969697	0.5	0.478354978354978	0.521645021645022
#28567D	#28567D	0.515151515151515	0.5	1	0.5	0.53030303030303	0.478354978354978	0.521645021645022
#28567D	#28567D	0.515151515151515	0.5	1	0.5	0.53030303030303	0.478354978354978	0.521645021645022
#28567D	#28567D	0.515151515151515	0.5	1	0.5	0.53030303030303	0.478354978354978	0.521645021645022
#275278	#275278	0.545454545454545	0.5	1	0.53030303030303	0.560606060606061	0.478354978354978	0.521645021645022
#275278	#275278	0.545454545454545	0.5	1	0.53030303030303	0.560606060606061	0.478354978354978	0.521645021645022
#275278	#275278	0.545454545454545	0.5	1	0.53030303030303	0.560606060606061	0.478354978354978	0.521645021645022
#28567D	#28567D	0.575757575757576	0.5	1	0.560606060606061	0.590909090909091	0.478354978354978	0.521645021645022
#2A5A82	#2A5A82	0.575757575757576	0.5	1	0.560606060606061	0.590909090909091	0.478354978354978	0.521645021645022
#2C5E88	#2C5E88	0.575757575757576	0.5	1	0.560606060606061	0.590909090909091	0.478354978354978	0.521645021645022
#2E628D	#2E628D	0.606060606060606	0.5	1	0.590909090909091	0.621212121212121	0.478354978354978	0.521645021645022
#306692	#306692	0.606060606060606	0.5	1	0.590909090909091	0.621212121212121	0.478354978354978	0.521645021645022
#326A97	#326A97	0.606060606060606	0.5	1	0.590909090909091	0.621212121212121	0.478354978354978	0.521645021645022
#326A97	#326A97	0.636363636363636	0.5	1	0.621212121212121	0.651515151515151	0.478354978354978	0.521645021645022
#346E9D	#346E9D	0.636363636363636	0.5	1	0.621212121212121	0.651515151515151	0.478354978354978	0.521645021645022
#346E9D	#346E9D	0.636363636363636	0.5	1	0.621212121212121	0.651515151515151	0.478354978354978	0.521645021645022
#3672A2	#3672A2	0.666666666666667	0.5	1	0.651515151515151	0.681818181818182	0.478354978354978	0.521645021645022
#3672A2	#3672A2	0.666666666666667	0.5	1	0.651515151515151	0.681818181818182	0.478354978354978	0.521645021645022
#3672A2	#3672A2	0.666666666666667	0.5	1	0.651515151515151	0.681818181818182	0.478354978354978	0.521645021645022
#3876A8	#3876A8	0.696969696969697	0.5	1	0.681818181818182	0.712121212121212	0.478354978354978	0.521645021645022
#3876A8	#3876A8	0.696969696969697	0.5	1	0.681818181818182	0.712121212121212	0.478354978354978	0.521645021645022
#3A7AAD	#3A7AAD	0.696969696969697	0.5	1	0.681818181818182	0.712121212121212	0.478354978354978	0.521645021645022
#3A7AAD	#3A7AAD	0.727272727272727	0.5	1	0.712121212121212	0.742424242424242	0.478354978354978	0.521645021645022
#3C7EB3	#3C7EB3	0.727272727272727	0.5	1	0.712121212121212	0.742424242424242	0.478354978354978	0.521645021645022
#3E82B8	#3E82B8	0.727272727272727	0.5	1	0.712121212121212	0.742424242424242	0.478354978354978	0.521645021645022
#3E82B8	#3E82B8	0.757575757575758	0.5	1	0.742424242424242	0.772727272727273	0.478354978354978	0.521645021645022
#4086BE	#4086BE	0.757575757575758	0.5	1	0.742424242424242	0.772727272727273	0.478354978354978	0.521645021645022
#438AC3	#438AC3	0.757575757575758	0.5	1	0.742424242424242	0.772727272727273	0.478354978354978	0.521645021645022
#438AC3	#438AC3	0.787878787878788	0.5	1	0.772727272727273	0.803030303030303	0.478354978354978	0.521645021645022
#458EC9	#458EC9	0.787878787878788	0.5	1	0.772727272727273	0.803030303030303	0.478354978354978	0.521645021645022
#458EC9	#458EC9	0.787878787878788	0.5	1	0.772727272727273	0.803030303030303	0.478354978354978	0.521645021645022
#458EC9	#458EC9	0.818181818181818	0.5	1	0.803030303030303	0.833333333333333	0.478354978354978	0.521645021645022
#4793CE	#4793CE	0.818181818181818	0.5	1	0.803030303030303	0.833333333333333	0.478354978354978	0.521645021645022
#4793CE	#4793CE	0.818181818181818	0.5	1	0.803030303030303	0.833333333333333	0.478354978354978	0.521645021645022
#4997D4	#4997D4	0.848484848484849	0.5	1	0.833333333333333	0.863636363636364	0.478354978354978	0.521645021645022
#4997D4	#4997D4	0.848484848484849	0.5	1	0.833333333333333	0.863636363636364	0.478354978354978	0.521645021645022
#4997D4	#4997D4	0.848484848484849	0.5	1	0.833333333333333	0.863636363636364	0.478354978354978	0.521645021645022
#4B9BD9	#4B9BD9	0.878787878787879	0.5	1	0.863636363636364	0.893939393939394	0.478354978354978	0.521645021645022
#4B9BD9	#4B9BD9	0.878787878787879	0.5	1	0.863636363636364	0.893939393939394	0.478354978354978	0.521645021645022
#4B9BD9	#4B9BD9	0.878787878787879	0.5	1	0.863636363636364	0.893939393939394	0.478354978354978	0.521645021645022
#4B9BD9	#4B9BD9	0.909090909090909	0.5	1	0.893939393939394	0.924242424242424	0.478354978354978	0.521645021645022
#4D9FDF	#4D9FDF	0.909090909090909	0.5	1	0.893939393939394	0.924242424242424	0.478354978354978	0.521645021645022
#4FA4E5	#4FA4E5	0.909090909090909	0.5	1	0.893939393939394	0.924242424242424	0.478354978354978	0.521645021645022
#51A8EB	#51A8EB	0.939393939393939	0.5	1	0.924242424242424	0.954545454545455	0.478354978354978	0.521645021645022
#4B9BD9	#4B9BD9	0.0606060606060606	0.5	1	0.0454545454545455	0.0757575757575758	0.478354978354978	0.521645021645022
#4B9BD9	#4B9BD9	0.0606060606060606	0.5	1	0.0454545454545455	0.0757575757575758	0.478354978354978	0.521645021645022
#4793CE	#4793CE	0.0909090909090909	0.5	1	0.0757575757575758	0.106060606060606	0.478354978354978	0.521645021645022
#438AC3	#438AC3	0.0909090909090909	0.5	1	0.0757575757575758	0.106060606060606	0.478354978354978	0.521645021645022
#3C7EB3	#3C7EB3	0.0909090909090909	0.5	1	0.0757575757575758	0.106060606060606	0.478354978354978	0.521645021645022
#3876A8	#3876A8	0.121212121212121	0.5	1	0.106060606060606	0.136363636363636	0.478354978354978	0.521645021645022
#346E9D	#346E9D	0.121212121212121	0.5	1	0.106060606060606	0.136363636363636	0.478354978354978	0.521645021645022
#306692	#306692	0.121212121212121	0.5	1	0.106060606060606	0.136363636363636	0.478354978354978	0.521645021645022
#2E628D	#2E628D	0.151515151515152	0.5	1	0.136363636363636	0.166666666666667	0.478354978354978	0.521645021645022
#28567D	#28567D	0.151515151515152	0.5	1	0.136363636363636	0.166666666666667	0.478354978354978	0.521645021645022
#275278	#275278	0.151515151515152	0.5	1	0.136363636363636	0.166666666666667	0.478354978354978	0.521645021645022
#254F73	#254F73	0.181818181818182	0.5	1	0.166666666666667	0.196969696969697	0.478354978354978	0.521645021645022
#234B6E	#234B6E	0.181818181818182	0.5	1	0.166666666666667	0.196969696969697	0.478354978354978	0.521645021645022
#1D405F	#1D405F	0.181818181818182	0.5	1	0.166666666666667	0.196969696969697	0.478354978354978	0.521645021645022
#1B3C5A	#1B3C5A	0.212121212121212	0.5	1	0.196969696969697	0.227272727272727	0.478354978354978	0.521645021645022
#1A3955	#1A3955	0.212121212121212	0.5	1	0.196969696969697	0.227272727272727	0.478354978354978	0.521645021645022
#183551	#183551	0.212121212121212	0.5	1	0.196969696969697	0.227272727272727	0.478354978354978	0.521645021645022
#16314C	#16314C	0.242424242424242	0.5	1	0.227272727272727	0.257575757575758	0.478354978354978	0.521645021645022
#142E47	#142E47	0.242424242424242	0.5	1	0.227272727272727	0.257575757575758	0.478354978354978	0.521645021645022
#142E47	#142E47	0.242424242424242	0.5	1	0.227272727272727	0.257575757575758	0.478354978354978	0.521645021645022
#16314C	#16314C	0.272727272727273	0.5	1	0.257575757575758	0.287878787878788	0.478354978354978	0.521645021645022
#1A3955	#1A3955	0.272727272727273	0.5	1	0.257575757575758	0.287878787878788	0.478354978354978	0.521645021645022
#1F4364	#1F4364	0.272727272727273	0.5	1	0.257575757575758	0.287878787878788	0.478354978354978	0.521645021645022
#234B6E	#234B6E	0.303030303030303	0.5	1	0.287878787878788	0.318181818181818	0.478354978354978	0.521645021645022
#254F73	#254F73	0.303030303030303	0.5	1	0.287878787878788	0.318181818181818	0.478354978354978	0.521645021645022
#28567D	#28567D	0.303030303030303	0.5	1	0.287878787878788	0.318181818181818	0.478354978354978	0.521645021645022
#2A5A82	#2A5A82	0.333333333333333	0.5	1	0.318181818181818	0.348484848484849	0.478354978354978	0.521645021645022
#2A5A82	#2A5A82	0.333333333333333	0.5	1	0.318181818181818	0.348484848484849	0.478354978354978	0.521645021645022
#2C5E88	#2C5E88	0.333333333333333	0.5	1	0.318181818181818	0.348484848484849	0.478354978354978	0.521645021645022
#2C5E88	#2C5E88	0.363636363636364	0.5	1	0.348484848484849	0.378787878787879	0.478354978354978	0.521645021645022
#2C5E88	#2C5E88	0.363636363636364	0.5	1	0.348484848484849	0.378787878787879	0.478354978354978	0.521645021645022
#2A5A82	#2A5A82	0.363636363636364	0.5	1	0.348484848484849	0.378787878787879	0.478354978354978	0.521645021645022
#28567D	#28567D	0.393939393939394	0.5	1	0.378787878787879	0.409090909090909	0.478354978354978	0.521645021645022
#275278	#275278	0.393939393939394	0.5	1	0.378787878787879	0.409090909090909	0.478354978354978	0.521645021645022
#254F73	#254F73	0.393939393939394	0.5	1	0.378787878787879	0.409090909090909	0.478354978354978	0.521645021645022
#214769	#214769	0.424242424242424	0.5	1	0.409090909090909	0.439393939393939	0.478354978354978	0.521645021645022
#214769	#214769	0.424242424242424	0.5	1	0.409090909090909	0.439393939393939	0.478354978354978	0.521645021645022
#1F4364	#1F4364	0.424242424242424	0.5	1	0.409090909090909	0.439393939393939	0.478354978354978	0.521645021645022
#1F4364	#1F4364	0.454545454545455	0.5	1	0.439393939393939	0.46969696969697	0.478354978354978	0.521645021645022
#214769	#214769	0.454545454545455	0.5	1	0.439393939393939	0.46969696969697	0.478354978354978	0.521645021645022
#214769	#214769	0.454545454545455	0.5	1	0.439393939393939	0.46969696969697	0.478354978354978	0.521645021645022
#234B6E	#234B6E	0.484848484848485	0.5	1	0.46969696969697	0.5	0.478354978354978	0.521645021645022
#28567D	#28567D	0.484848484848485	0.5	1	0.46969696969697	0.5	0.478354978354978	0.521645021645022
#28567D	#28567D	0.484848484848485	0.5	1	0.46969696969697	0.5	0.478354978354978	0.521645021645022
#2A5A82	#2A5A82	0.515151515151515	0.5	1	0.5	0.53030303030303	0.478354978354978	0.521645021645022
#2A5A82	#2A5A82	0.515151515151515	0.5	1	0.5	0.53030303030303	0.478354978354978	0.521645021645022
#28567D	#28567D	0.515151515151515	0.5	1	0.5	0.53030303030303	0.478354978354978	0.521645021645022
#28567D	#28567D	0.545454545454545	0.5	1	0.53030303030303	0.560606060606061	0.478354978354978	0.521645021645022
#28567D	#28567D	0.545454545454545	0.5	1	0.53030303030303	0.560606060606061	0.478354978354978	0.521645021645022
#28567D	#28567D	0.545454545454545	0.5	1	0.53030303030303	0.560606060606061	0.478354978354978	0.521645021645022
#2A5A82	#2A5A82	0.575757575757576	0.5	1	0.560606060606061	0.590909090909091	0.478354978354978	0.521645021645022
#2C5E88	#2C5E88	0.575757575757576	0.5	1	0.560606060606061	0.590909090909091	0.478354978354978	0.521645021645022
#2E628D	#2E628D	0.575757575757576	0.5	1	0.560606060606061	0.590909090909091	0.478354978354978	0.521645021645022
#306692	#306692	0.606060606060606	0.5	1	0.590909090909091	0.621212121212121	0.478354978354978	0.521645021645022
#306692	#306692	0.606060606060606	0.5	1	0.590909090909091	0.621212121212121	0.478354978354978	0.521645021645022
#326A97	#326A97	0.606060606060606	0.5	1	0.590909090909091	0.621212121212121	0.478354978354978	0.521645021645022
#346E9D	#346E9D	0.636363636363636	0.5	1	0.621212121212121	0.651515151515151	0.478354978354978	0.521645021645022
#346E9D	#346E9D	0.636363636363636	0.5	1	0.621212121212121	0.651515151515151	0.478354978354978	0.521645021645022
#3672A2	#3672A2	0.636363636363636	0.5	1	0.621212121212121	0.651515151515151	0.478354978354978	0.521645021645022
#3672A2	#3672A2	0.666666666666667	0.5	1	0.651515151515151	0.681818181818182	0.478354978354978	0.521645021645022
#3876A8	#3876A8	0.666666666666667	0.5	1	0.651515151515151	0.681818181818182	0.478354978354978	0.521645021645022
#3876A8	#3876A8	0.666666666666667	0.5	1	0.651515151515151	0.681818181818182	0.478354978354978	0.521645021645022
#3876A8	#3876A8	0.696969696969697	0.5	1	0.681818181818182	0.712121212121212	0.478354978354978	0.521645021645022
#3A7AAD	#3A7AAD	0.696969696969697	0.5	1	0.681818181818182	0.712121212121212	0.478354978354978	0.521645021645022
#3A7AAD	#3A7AAD	0.696969696969697	0.5	1	0.681818181818182	0.712121212121212	0.478354978354978	0.521645021645022
#3C7EB3	#3C7EB3	0.727272727272727	0.5	1	0.712121212121212	0.742424242424242	0.478354978354978	0.521645021645022
#3E82B8	#3E82B8	0.727272727272727	0.5	1	0.712121212121212	0.742424242424242	0.478354978354978	0.521645021645022
#3E82B8	#3E82B8	0.727272727272727	0.5	1	0.712121212121212	0.742424242424242	0.478354978354978	0.521645021645022
#4086BE	#4086BE	0.757575757575758	0.5	1	0.742424242424242	0.772727272727273	0.478354978354978	0.521645021645022
#4086BE	#4086BE	0.757575757575758	0.5	1	0.742424242424242	0.772727272727273	0.478354978354978	0.521645021645022
#438AC3	#438AC3	0.757575757575758	0.5	1	0.742424242424242	0.772727272727273	0.478354978354978	0.521645021645022
#458EC9	#458EC9	0.787878787878788	0.5	1	0.772727272727273	0.803030303030303	0.478354978354978	0.521645021645022
#458EC9	#458EC9	0.787878787878788	0.5	1	0.772727272727273	0.803030303030303	0.478354978354978	0.521645021645022
#458EC9	#458EC9	0.787878787878788	0.5	1	0.772727272727273	0.803030303030303	0.478354978354978	0.521645021645022
#4793CE	#4793CE	0.818181818181818	0.5	1	0.803030303030303	0.833333333333333	0.478354978354978	0.521645021645022
#4793CE	#4793CE	0.818181818181818	0.5	1	0.803030303030303	0.833333333333333	0.478354978354978	0.521645021645022
#4997D4	#4997D4	0.818181818181818	0.5	1	0.803030303030303	0.833333333333333	0.478354978354978	0.521645021645022
#4997D4	#4997D4	0.848484848484849	0.5	1	0.833333333333333	0.863636363636364	0.478354978354978	0.521645021645022
#4997D4	#4997D4	0.848484848484849	0.5	1	0.833333333333333	0.863636363636364	0.478354978354978	0.521645021645022
#4997D4	#4997D4	0.848484848484849	0.5	1	0.833333333333333	0.863636363636364	0.478354978354978	0.521645021645022
#4B9BD9	#4B9BD9	0.878787878787879	0.5	1	0.863636363636364	0.893939393939394	0.478354978354978	0.521645021645022
#4B9BD9	#4B9BD9	0.878787878787879	0.5	1	0.863636363636364	0.893939393939394	0.478354978354978	0.521645021645022
#4B9BD9	#4B9BD9	0.878787878787879	0.5	1	0.863636363636364	0.893939393939394	0.478354978354978	0.521645021645022
#4D9FDF	#4D9FDF	0.909090909090909	0.5	1	0.893939393939394	0.924242424242424	0.478354978354978	0.521645021645022
#4D9FDF	#4D9FDF	0.909090909090909	0.5	1	0.893939393939394	0.924242424242424	0.478354978354978	0.521645021645022
#51A8EB	#51A8EB	0.909090909090909	0.5	1	0.893939393939394	0.924242424242424	0.478354978354978	0.521645021645022
#51A8EB	#51A8EB	0.939393939393939	0.5	1	0.924242424242424	0.954545454545455	0.478354978354978	0.521645021645022
#4B9BD9	#4B9BD9	0.0606060606060606	0.543290043290043	1	0.0454545454545455	0.0757575757575758	0.521645021645022	0.564935064935065
#4997D4	#4997D4	0.0606060606060606	0.543290043290043	1	0.0454545454545455	0.0757575757575758	0.521645021645022	0.564935064935065
#4793CE	#4793CE	0.0909090909090909	0.543290043290043	1	0.0757575757575758	0.106060606060606	0.521645021645022	0.564935064935065
#438AC3	#438AC3	0.0909090909090909	0.543290043290043	1	0.0757575757575758	0.106060606060606	0.521645021645022	0.564935064935065
#3C7EB3	#3C7EB3	0.0909090909090909	0.543290043290043	1	0.0757575757575758	0.106060606060606	0.521645021645022	0.564935064935065
#3876A8	#3876A8	0.121212121212121	0.543290043290043	1	0.106060606060606	0.136363636363636	0.521645021645022	0.564935064935065
#346E9D	#346E9D	0.121212121212121	0.543290043290043	1	0.106060606060606	0.136363636363636	0.521645021645022	0.564935064935065
#326A97	#326A97	0.121212121212121	0.543290043290043	1	0.106060606060606	0.136363636363636	0.521645021645022	0.564935064935065
#2E628D	#2E628D	0.151515151515152	0.543290043290043	1	0.136363636363636	0.166666666666667	0.521645021645022	0.564935064935065
#2A5A82	#2A5A82	0.151515151515152	0.543290043290043	1	0.136363636363636	0.166666666666667	0.521645021645022	0.564935064935065
#275278	#275278	0.151515151515152	0.543290043290043	1	0.136363636363636	0.166666666666667	0.521645021645022	0.564935064935065
#234B6E	#234B6E	0.181818181818182	0.543290043290043	1	0.166666666666667	0.196969696969697	0.521645021645022	0.564935064935065
#214769	#214769	0.181818181818182	0.543290043290043	1	0.166666666666667	0.196969696969697	0.521645021645022	0.564935064935065
#1D405F	#1D405F	0.181818181818182	0.543290043290043	1	0.166666666666667	0.196969696969697	0.521645021645022	0.564935064935065
#1A3955	#1A3955	0.212121212121212	0.543290043290043	1	0.196969696969697	0.227272727272727	0.521645021645022	0.564935064935065
#183551	#183551	0.212121212121212	0.543290043290043	1	0.196969696969697	0.227272727272727	0.521645021645022	0.564935064935065
#16314C	#16314C	0.212121212121212	0.543290043290043	1	0.196969696969697	0.227272727272727	0.521645021645022	0.564935064935065
#16314C	#16314C	0.242424242424242	0.543290043290043	1	0.227272727272727	0.257575757575758	0.521645021645022	0.564935064935065
#142E47	#142E47	0.242424242424242	0.543290043290043	1	0.227272727272727	0.257575757575758	0.521645021645022	0.564935064935065
#142E47	#142E47	0.242424242424242	0.543290043290043	1	0.227272727272727	0.257575757575758	0.521645021645022	0.564935064935065
#183551	#183551	0.272727272727273	0.543290043290043	1	0.257575757575758	0.287878787878788	0.521645021645022	0.564935064935065
#1B3C5A	#1B3C5A	0.272727272727273	0.543290043290043	1	0.257575757575758	0.287878787878788	0.521645021645022	0.564935064935065
#1F4364	#1F4364	0.272727272727273	0.543290043290043	1	0.257575757575758	0.287878787878788	0.521645021645022	0.564935064935065
#234B6E	#234B6E	0.303030303030303	0.543290043290043	1	0.287878787878788	0.318181818181818	0.521645021645022	0.564935064935065
#275278	#275278	0.303030303030303	0.543290043290043	1	0.287878787878788	0.318181818181818	0.521645021645022	0.564935064935065
#28567D	#28567D	0.303030303030303	0.543290043290043	1	0.287878787878788	0.318181818181818	0.521645021645022	0.564935064935065
#2A5A82	#2A5A82	0.333333333333333	0.543290043290043	1	0.318181818181818	0.348484848484849	0.521645021645022	0.564935064935065
#2C5E88	#2C5E88	0.333333333333333	0.543290043290043	1	0.318181818181818	0.348484848484849	0.521645021645022	0.564935064935065
#2E628D	#2E628D	0.333333333333333	0.543290043290043	1	0.318181818181818	0.348484848484849	0.521645021645022	0.564935064935065
#306692	#306692	0.363636363636364	0.543290043290043	1	0.348484848484849	0.378787878787879	0.521645021645022	0.564935064935065
#2E628D	#2E628D	0.363636363636364	0.543290043290043	1	0.348484848484849	0.378787878787879	0.521645021645022	0.564935064935065
#2C5E88	#2C5E88	0.363636363636364	0.543290043290043	1	0.348484848484849	0.378787878787879	0.521645021645022	0.564935064935065
#2A5A82	#2A5A82	0.393939393939394	0.543290043290043	1	0.378787878787879	0.409090909090909	0.521645021645022	0.564935064935065
#28567D	#28567D	0.393939393939394	0.543290043290043	1	0.378787878787879	0.409090909090909	0.521645021645022	0.564935064935065
#254F73	#254F73	0.393939393939394	0.543290043290043	1	0.378787878787879	0.409090909090909	0.521645021645022	0.564935064935065
#234B6E	#234B6E	0.424242424242424	0.543290043290043	1	0.409090909090909	0.439393939393939	0.521645021645022	0.564935064935065
#234B6E	#234B6E	0.424242424242424	0.543290043290043	1	0.409090909090909	0.439393939393939	0.521645021645022	0.564935064935065
#234B6E	#234B6E	0.424242424242424	0.543290043290043	1	0.409090909090909	0.439393939393939	0.521645021645022	0.564935064935065
#234B6E	#234B6E	0.454545454545455	0.543290043290043	1	0.439393939393939	0.46969696969697	0.521645021645022	0.564935064935065
#234B6E	#234B6E	0.454545454545455	0.543290043290043	1	0.439393939393939	0.46969696969697	0.521645021645022	0.564935064935065
#234B6E	#234B6E	0.454545454545455	0.543290043290043	1	0.439393939393939	0.46969696969697	0.521645021645022	0.564935064935065
#254F73	#254F73	0.484848484848485	0.543290043290043	1	0.46969696969697	0.5	0.521645021645022	0.564935064935065
#28567D	#28567D	0.484848484848485	0.543290043290043	1	0.46969696969697	0.5	0.521645021645022	0.564935064935065
#2A5A82	#2A5A82	0.484848484848485	0.543290043290043	1	0.46969696969697	0.5	0.521645021645022	0.564935064935065
#2A5A82	#2A5A82	0.515151515151515	0.543290043290043	1	0.5	0.53030303030303	0.521645021645022	0.564935064935065
#2A5A82	#2A5A82	0.515151515151515	0.543290043290043	1	0.5	0.53030303030303	0.521645021645022	0.564935064935065
#2A5A82	#2A5A82	0.515151515151515	0.543290043290043	1	0.5	0.53030303030303	0.521645021645022	0.564935064935065
#2A5A82	#2A5A82	0.545454545454545	0.543290043290043	1	0.53030303030303	0.560606060606061	0.521645021645022	0.564935064935065
#28567D	#28567D	0.545454545454545	0.543290043290043	1	0.53030303030303	0.560606060606061	0.521645021645022	0.564935064935065
#28567D	#28567D	0.545454545454545	0.543290043290043	1	0.53030303030303	0.560606060606061	0.521645021645022	0.564935064935065
#2A5A82	#2A5A82	0.575757575757576	0.543290043290043	1	0.560606060606061	0.590909090909091	0.521645021645022	0.564935064935065
#2C5E88	#2C5E88	0.575757575757576	0.543290043290043	1	0.560606060606061	0.590909090909091	0.521645021645022	0.564935064935065
#2E628D	#2E628D	0.575757575757576	0.543290043290043	1	0.560606060606061	0.590909090909091	0.521645021645022	0.564935064935065
#306692	#306692	0.606060606060606	0.543290043290043	1	0.590909090909091	0.621212121212121	0.521645021645022	0.564935064935065
#326A97	#326A97	0.606060606060606	0.543290043290043	1	0.590909090909091	0.621212121212121	0.521645021645022	0.564935064935065
#326A97	#326A97	0.606060606060606	0.543290043290043	1	0.590909090909091	0.621212121212121	0.521645021645022	0.564935064935065
#346E9D	#346E9D	0.636363636363636	0.543290043290043	1	0.621212121212121	0.651515151515151	0.521645021645022	0.564935064935065
#3672A2	#3672A2	0.636363636363636	0.543290043290043	1	0.621212121212121	0.651515151515151	0.521645021645022	0.564935064935065
#3672A2	#3672A2	0.636363636363636	0.543290043290043	1	0.621212121212121	0.651515151515151	0.521645021645022	0.564935064935065
#3672A2	#3672A2	0.666666666666667	0.543290043290043	1	0.651515151515151	0.681818181818182	0.521645021645022	0.564935064935065
#3876A8	#3876A8	0.666666666666667	0.543290043290043	1	0.651515151515151	0.681818181818182	0.521645021645022	0.564935064935065
#3876A8	#3876A8	0.666666666666667	0.543290043290043	1	0.651515151515151	0.681818181818182	0.521645021645022	0.564935064935065
#3A7AAD	#3A7AAD	0.696969696969697	0.543290043290043	1	0.681818181818182	0.712121212121212	0.521645021645022	0.564935064935065
#3A7AAD	#3A7AAD	0.696969696969697	0.543290043290043	1	0.681818181818182	0.712121212121212	0.521645021645022	0.564935064935065
#3C7EB3	#3C7EB3	0.696969696969697	0.543290043290043	1	0.681818181818182	0.712121212121212	0.521645021645022	0.564935064935065
#3C7EB3	#3C7EB3	0.727272727272727	0.543290043290043	1	0.712121212121212	0.742424242424242	0.521645021645022	0.564935064935065
#3E82B8	#3E82B8	0.727272727272727	0.543290043290043	1	0.712121212121212	0.742424242424242	0.521645021645022	0.564935064935065
#4086BE	#4086BE	0.727272727272727	0.543290043290043	1	0.712121212121212	0.742424242424242	0.521645021645022	0.564935064935065
#4086BE	#4086BE	0.757575757575758	0.543290043290043	1	0.742424242424242	0.772727272727273	0.521645021645022	0.564935064935065
#438AC3	#438AC3	0.757575757575758	0.543290043290043	1	0.742424242424242	0.772727272727273	0.521645021645022	0.564935064935065
#438AC3	#438AC3	0.757575757575758	0.543290043290043	1	0.742424242424242	0.772727272727273	0.521645021645022	0.564935064935065
#458EC9	#458EC9	0.787878787878788	0.543290043290043	1	0.772727272727273	0.803030303030303	0.521645021645022	0.564935064935065
#458EC9	#458EC9	0.787878787878788	0.543290043290043	1	0.772727272727273	0.803030303030303	0.521645021645022	0.564935064935065
#4793CE	#4793CE	0.787878787878788	0.543290043290043	1	0.772727272727273	0.803030303030303	0.521645021645022	0.564935064935065
#4793CE	#4793CE	0.818181818181818	0.543290043290043	1	0.803030303030303	0.833333333333333	0.521645021645022	0.564935064935065
#4793CE	#4793CE	0.818181818181818	0.543290043290043	1	0.803030303030303	0.833333333333333	0.521645021645022	0.564935064935065
#4997D4	#4997D4	0.818181818181818	0.543290043290043	1	0.803030303030303	0.833333333333333	0.521645021645022	0.564935064935065
#4997D4	#4997D4	0.848484848484849	0.543290043290043	1	0.833333333333333	0.863636363636364	0.521645021645022	0.564935064935065
#4B9BD9	#4B9BD9	0.848484848484849	0.543290043290043	1	0.833333333333333	0.863636363636364	0.521645021645022	0.564935064935065
#4B9BD9	#4B9BD9	0.848484848484849	0.543290043290043	1	0.833333333333333	0.863636363636364	0.521645021645022	0.564935064935065
#4D9FDF	#4D9FDF	0.878787878787879	0.543290043290043	1	0.863636363636364	0.893939393939394	0.521645021645022	0.564935064935065
#4D9FDF	#4D9FDF	0.878787878787879	0.543290043290043	1	0.863636363636364	0.893939393939394	0.521645021645022	0.564935064935065
#4D9FDF	#4D9FDF	0.878787878787879	0.543290043290043	1	0.863636363636364	0.893939393939394	0.521645021645022	0.564935064935065
#4FA4E5	#4FA4E5	0.909090909090909	0.543290043290043	1	0.893939393939394	0.924242424242424	0.521645021645022	0.564935064935065
#4FA4E5	#4FA4E5	0.909090909090909	0.543290043290043	1	0.893939393939394	0.924242424242424	0.521645021645022	0.564935064935065
#51A8EB	#51A8EB	0.909090909090909	0.543290043290043	1	0.893939393939394	0.924242424242424	0.521645021645022	0.564935064935065
#51A8EB	#51A8EB	0.939393939393939	0.543290043290043	1	0.924242424242424	0.954545454545455	0.521645021645022	0.564935064935065
#4B9BD9	#4B9BD9	0.0606060606060606	0.543290043290043	1	0.0454545454545455	0.0757575757575758	0.521645021645022	0.564935064935065
#4997D4	#4997D4	0.0606060606060606	0.543290043290043	1	0.0454545454545455	0.0757575757575758	0.521645021645022	0.564935064935065
#458EC9	#458EC9	0.0909090909090909	0.543290043290043	1	0.0757575757575758	0.106060606060606	0.521645021645022	0.564935064935065
#4086BE	#4086BE	0.0909090909090909	0.543290043290043	1	0.0757575757575758	0.106060606060606	0.521645021645022	0.564935064935065
#3C7EB3	#3C7EB3	0.0909090909090909	0.543290043290043	1	0.0757575757575758	0.106060606060606	0.521645021645022	0.564935064935065
#3876A8	#3876A8	0.121212121212121	0.543290043290043	1	0.106060606060606	0.136363636363636	0.521645021645022	0.564935064935065
#346E9D	#346E9D	0.121212121212121	0.543290043290043	1	0.106060606060606	0.136363636363636	0.521645021645022	0.564935064935065
#326A97	#326A97	0.121212121212121	0.543290043290043	1	0.106060606060606	0.136363636363636	0.521645021645022	0.564935064935065
#2E628D	#2E628D	0.151515151515152	0.543290043290043	1	0.136363636363636	0.166666666666667	0.521645021645022	0.564935064935065
#2A5A82	#2A5A82	0.151515151515152	0.543290043290043	1	0.136363636363636	0.166666666666667	0.521645021645022	0.564935064935065
#275278	#275278	0.151515151515152	0.543290043290043	1	0.136363636363636	0.166666666666667	0.521645021645022	0.564935064935065
#234B6E	#234B6E	0.181818181818182	0.543290043290043	1	0.166666666666667	0.196969696969697	0.521645021645022	0.564935064935065
#1F4364	#1F4364	0.181818181818182	0.543290043290043	1	0.166666666666667	0.196969696969697	0.521645021645022	0.564935064935065
#1D405F	#1D405F	0.181818181818182	0.543290043290043	1	0.166666666666667	0.196969696969697	0.521645021645022	0.564935064935065
#1A3955	#1A3955	0.212121212121212	0.543290043290043	1	0.196969696969697	0.227272727272727	0.521645021645022	0.564935064935065
#183551	#183551	0.212121212121212	0.543290043290043	1	0.196969696969697	0.227272727272727	0.521645021645022	0.564935064935065
#16314C	#16314C	0.212121212121212	0.543290043290043	1	0.196969696969697	0.227272727272727	0.521645021645022	0.564935064935065
#16314C	#16314C	0.242424242424242	0.543290043290043	1	0.227272727272727	0.257575757575758	0.521645021645022	0.564935064935065
#16314C	#16314C	0.242424242424242	0.543290043290043	1	0.227272727272727	0.257575757575758	0.521645021645022	0.564935064935065
#142E47	#142E47	0.242424242424242	0.543290043290043	1	0.227272727272727	0.257575757575758	0.521645021645022	0.564935064935065
#16314C	#16314C	0.272727272727273	0.543290043290043	1	0.257575757575758	0.287878787878788	0.521645021645022	0.564935064935065
#1B3C5A	#1B3C5A	0.272727272727273	0.543290043290043	1	0.257575757575758	0.287878787878788	0.521645021645022	0.564935064935065
#1F4364	#1F4364	0.272727272727273	0.543290043290043	1	0.257575757575758	0.287878787878788	0.521645021645022	0.564935064935065
#234B6E	#234B6E	0.303030303030303	0.543290043290043	1	0.287878787878788	0.318181818181818	0.521645021645022	0.564935064935065
#275278	#275278	0.303030303030303	0.543290043290043	1	0.287878787878788	0.318181818181818	0.521645021645022	0.564935064935065
#28567D	#28567D	0.303030303030303	0.543290043290043	1	0.287878787878788	0.318181818181818	0.521645021645022	0.564935064935065
#2A5A82	#2A5A82	0.333333333333333	0.543290043290043	1	0.318181818181818	0.348484848484849	0.521645021645022	0.564935064935065
#2C5E88	#2C5E88	0.333333333333333	0.543290043290043	1	0.318181818181818	0.348484848484849	0.521645021645022	0.564935064935065
#306692	#306692	0.333333333333333	0.543290043290043	1	0.318181818181818	0.348484848484849	0.521645021645022	0.564935064935065
#306692	#306692	0.363636363636364	0.543290043290043	1	0.348484848484849	0.378787878787879	0.521645021645022	0.564935064935065
#306692	#306692	0.363636363636364	0.543290043290043	1	0.348484848484849	0.378787878787879	0.521645021645022	0.564935064935065
#2C5E88	#2C5E88	0.363636363636364	0.543290043290043	1	0.348484848484849	0.378787878787879	0.521645021645022	0.564935064935065
#2A5A82	#2A5A82	0.393939393939394	0.543290043290043	1	0.378787878787879	0.409090909090909	0.521645021645022	0.564935064935065
#28567D	#28567D	0.393939393939394	0.543290043290043	1	0.378787878787879	0.409090909090909	0.521645021645022	0.564935064935065
#254F73	#254F73	0.393939393939394	0.543290043290043	1	0.378787878787879	0.409090909090909	0.521645021645022	0.564935064935065
#234B6E	#234B6E	0.424242424242424	0.543290043290043	1	0.409090909090909	0.439393939393939	0.521645021645022	0.564935064935065
#234B6E	#234B6E	0.424242424242424	0.543290043290043	1	0.409090909090909	0.439393939393939	0.521645021645022	0.564935064935065
#234B6E	#234B6E	0.424242424242424	0.543290043290043	1	0.409090909090909	0.439393939393939	0.521645021645022	0.564935064935065
#234B6E	#234B6E	0.454545454545455	0.543290043290043	1	0.439393939393939	0.46969696969697	0.521645021645022	0.564935064935065
#254F73	#254F73	0.454545454545455	0.543290043290043	1	0.439393939393939	0.46969696969697	0.521645021645022	0.564935064935065
#254F73	#254F73	0.454545454545455	0.543290043290043	1	0.439393939393939	0.46969696969697	0.521645021645022	0.564935064935065
#275278	#275278	0.484848484848485	0.543290043290043	1	0.46969696969697	0.5	0.521645021645022	0.564935064935065
#28567D	#28567D	0.484848484848485	0.543290043290043	1	0.46969696969697	0.5	0.521645021645022	0.564935064935065
#2A5A82	#2A5A82	0.484848484848485	0.543290043290043	1	0.46969696969697	0.5	0.521645021645022	0.564935064935065
#2C5E88	#2C5E88	0.515151515151515	0.543290043290043	1	0.5	0.53030303030303	0.521645021645022	0.564935064935065
#2C5E88	#2C5E88	0.515151515151515	0.543290043290043	1	0.5	0.53030303030303	0.521645021645022	0.564935064935065
#2C5E88	#2C5E88	0.515151515151515	0.543290043290043	1	0.5	0.53030303030303	0.521645021645022	0.564935064935065
#2C5E88	#2C5E88	0.545454545454545	0.543290043290043	1	0.53030303030303	0.560606060606061	0.521645021645022	0.564935064935065
#2C5E88	#2C5E88	0.545454545454545	0.543290043290043	1	0.53030303030303	0.560606060606061	0.521645021645022	0.564935064935065
#2C5E88	#2C5E88	0.545454545454545	0.543290043290043	1	0.53030303030303	0.560606060606061	0.521645021645022	0.564935064935065
#2E628D	#2E628D	0.575757575757576	0.543290043290043	1	0.560606060606061	0.590909090909091	0.521645021645022	0.564935064935065
#2E628D	#2E628D	0.575757575757576	0.543290043290043	1	0.560606060606061	0.590909090909091	0.521645021645022	0.564935064935065
#306692	#306692	0.575757575757576	0.543290043290043	1	0.560606060606061	0.590909090909091	0.521645021645022	0.564935064935065
#306692	#306692	0.606060606060606	0.543290043290043	1	0.590909090909091	0.621212121212121	0.521645021645022	0.564935064935065
#326A97	#326A97	0.606060606060606	0.543290043290043	1	0.590909090909091	0.621212121212121	0.521645021645022	0.564935064935065
#346E9D	#346E9D	0.606060606060606	0.543290043290043	1	0.590909090909091	0.621212121212121	0.521645021645022	0.564935064935065
#346E9D	#346E9D	0.636363636363636	0.543290043290043	1	0.621212121212121	0.651515151515151	0.521645021645022	0.564935064935065
#3672A2	#3672A2	0.636363636363636	0.543290043290043	1	0.621212121212121	0.651515151515151	0.521645021645022	0.564935064935065
#3672A2	#3672A2	0.636363636363636	0.543290043290043	1	0.621212121212121	0.651515151515151	0.521645021645022	0.564935064935065
#3672A2	#3672A2	0.666666666666667	0.543290043290043	1	0.651515151515151	0.681818181818182	0.521645021645022	0.564935064935065
#3876A8	#3876A8	0.666666666666667	0.543290043290043	1	0.651515151515151	0.681818181818182	0.521645021645022	0.564935064935065
#3A7AAD	#3A7AAD	0.666666666666667	0.543290043290043	1	0.651515151515151	0.681818181818182	0.521645021645022	0.564935064935065
#3A7AAD	#3A7AAD	0.696969696969697	0.543290043290043	1	0.681818181818182	0.712121212121212	0.521645021645022	0.564935064935065
#3C7EB3	#3C7EB3	0.696969696969697	0.543290043290043	1	0.681818181818182	0.712121212121212	0.521645021645022	0.564935064935065
#3C7EB3	#3C7EB3	0.696969696969697	0.543290043290043	1	0.681818181818182	0.712121212121212	0.521645021645022	0.564935064935065
#3E82B8	#3E82B8	0.727272727272727	0.543290043290043	1	0.712121212121212	0.742424242424242	0.521645021645022	0.564935064935065
#3E82B8	#3E82B8	0.727272727272727	0.543290043290043	1	0.712121212121212	0.742424242424242	0.521645021645022	0.564935064935065
#4086BE	#4086BE	0.727272727272727	0.543290043290043	1	0.712121212121212	0.742424242424242	0.521645021645022	0.564935064935065
#438AC3	#438AC3	0.757575757575758	0.543290043290043	1	0.742424242424242	0.772727272727273	0.521645021645022	0.564935064935065
#438AC3	#438AC3	0.757575757575758	0.543290043290043	1	0.742424242424242	0.772727272727273	0.521645021645022	0.564935064935065
#458EC9	#458EC9	0.757575757575758	0.543290043290043	1	0.742424242424242	0.772727272727273	0.521645021645022	0.564935064935065
#458EC9	#458EC9	0.787878787878788	0.543290043290043	1	0.772727272727273	0.803030303030303	0.521645021645022	0.564935064935065
#4793CE	#4793CE	0.787878787878788	0.543290043290043	1	0.772727272727273	0.803030303030303	0.521645021645022	0.564935064935065
#4793CE	#4793CE	0.787878787878788	0.543290043290043	1	0.772727272727273	0.803030303030303	0.521645021645022	0.564935064935065
#4793CE	#4793CE	0.818181818181818	0.543290043290043	1	0.803030303030303	0.833333333333333	0.521645021645022	0.564935064935065
#4997D4	#4997D4	0.818181818181818	0.543290043290043	1	0.803030303030303	0.833333333333333	0.521645021645022	0.564935064935065
#4997D4	#4997D4	0.818181818181818	0.543290043290043	1	0.803030303030303	0.833333333333333	0.521645021645022	0.564935064935065
#4B9BD9	#4B9BD9	0.848484848484849	0.543290043290043	1	0.833333333333333	0.863636363636364	0.521645021645022	0.564935064935065
#4D9FDF	#4D9FDF	0.848484848484849	0.543290043290043	1	0.833333333333333	0.863636363636364	0.521645021645022	0.564935064935065
#4D9FDF	#4D9FDF	0.848484848484849	0.543290043290043	1	0.833333333333333	0.863636363636364	0.521645021645022	0.564935064935065
#4D9FDF	#4D9FDF	0.878787878787879	0.543290043290043	1	0.863636363636364	0.893939393939394	0.521645021645022	0.564935064935065
#4D9FDF	#4D9FDF	0.878787878787879	0.543290043290043	1	0.863636363636364	0.893939393939394	0.521645021645022	0.564935064935065
#4FA4E5	#4FA4E5	0.878787878787879	0.543290043290043	1	0.863636363636364	0.893939393939394	0.521645021645022	0.564935064935065
#51A8EB	#51A8EB	0.909090909090909	0.543290043290043	1	0.893939393939394	0.924242424242424	0.521645021645022	0.564935064935065
#51A8EB	#51A8EB	0.909090909090909	0.543290043290043	1	0.893939393939394	0.924242424242424	0.521645021645022	0.564935064935065
#51A8EB	#51A8EB	0.909090909090909	0.543290043290043	1	0.893939393939394	0.924242424242424	0.521645021645022	0.564935064935065
#51A8EB	#51A8EB	0.939393939393939	0.543290043290043	1	0.924242424242424	0.954545454545455	0.521645021645022	0.564935064935065
#4B9BD9	#4B9BD9	0.0606060606060606	0.543290043290043	1	0.0454545454545455	0.0757575757575758	0.521645021645022	0.564935064935065
#4997D4	#4997D4	0.0606060606060606	0.543290043290043	1	0.0454545454545455	0.0757575757575758	0.521645021645022	0.564935064935065
#458EC9	#458EC9	0.0909090909090909	0.543290043290043	1	0.0757575757575758	0.106060606060606	0.521645021645022	0.564935064935065
#4086BE	#4086BE	0.0909090909090909	0.543290043290043	1	0.0757575757575758	0.106060606060606	0.521645021645022	0.564935064935065
#3C7EB3	#3C7EB3	0.0909090909090909	0.543290043290043	1	0.0757575757575758	0.106060606060606	0.521645021645022	0.564935064935065
#3876A8	#3876A8	0.121212121212121	0.543290043290043	1	0.106060606060606	0.136363636363636	0.521645021645022	0.564935064935065
#346E9D	#346E9D	0.121212121212121	0.543290043290043	1	0.106060606060606	0.136363636363636	0.521645021645022	0.564935064935065
#326A97	#326A97	0.121212121212121	0.543290043290043	1	0.106060606060606	0.136363636363636	0.521645021645022	0.564935064935065
#2E628D	#2E628D	0.151515151515152	0.543290043290043	1	0.136363636363636	0.166666666666667	0.521645021645022	0.564935064935065
#2A5A82	#2A5A82	0.151515151515152	0.543290043290043	1	0.136363636363636	0.166666666666667	0.521645021645022	0.564935064935065
#275278	#275278	0.151515151515152	0.543290043290043	1	0.136363636363636	0.166666666666667	0.521645021645022	0.564935064935065
#234B6E	#234B6E	0.181818181818182	0.543290043290043	1	0.166666666666667	0.196969696969697	0.521645021645022	0.564935064935065
#214769	#214769	0.181818181818182	0.543290043290043	1	0.166666666666667	0.196969696969697	0.521645021645022	0.564935064935065
#1D405F	#1D405F	0.181818181818182	0.543290043290043	1	0.166666666666667	0.196969696969697	0.521645021645022	0.564935064935065
#1A3955	#1A3955	0.212121212121212	0.543290043290043	1	0.196969696969697	0.227272727272727	0.521645021645022	0.564935064935065
#183551	#183551	0.212121212121212	0.543290043290043	1	0.196969696969697	0.227272727272727	0.521645021645022	0.564935064935065
#16314C	#16314C	0.212121212121212	0.543290043290043	1	0.196969696969697	0.227272727272727	0.521645021645022	0.564935064935065
#16314C	#16314C	0.242424242424242	0.543290043290043	1	0.227272727272727	0.257575757575758	0.521645021645022	0.564935064935065
#142E47	#142E47	0.242424242424242	0.543290043290043	1	0.227272727272727	0.257575757575758	0.521645021645022	0.564935064935065
#16314C	#16314C	0.242424242424242	0.543290043290043	1	0.227272727272727	0.257575757575758	0.521645021645022	0.564935064935065
#16314C	#16314C	0.272727272727273	0.543290043290043	1	0.257575757575758	0.287878787878788	0.521645021645022	0.564935064935065
#1A3955	#1A3955	0.272727272727273	0.543290043290043	1	0.257575757575758	0.287878787878788	0.521645021645022	0.564935064935065
#1F4364	#1F4364	0.272727272727273	0.543290043290043	1	0.257575757575758	0.287878787878788	0.521645021645022	0.564935064935065
#234B6E	#234B6E	0.303030303030303	0.543290043290043	1	0.287878787878788	0.318181818181818	0.521645021645022	0.564935064935065
#275278	#275278	0.303030303030303	0.543290043290043	1	0.287878787878788	0.318181818181818	0.521645021645022	0.564935064935065
#28567D	#28567D	0.303030303030303	0.543290043290043	1	0.287878787878788	0.318181818181818	0.521645021645022	0.564935064935065
#2A5A82	#2A5A82	0.333333333333333	0.543290043290043	1	0.318181818181818	0.348484848484849	0.521645021645022	0.564935064935065
#2C5E88	#2C5E88	0.333333333333333	0.543290043290043	1	0.318181818181818	0.348484848484849	0.521645021645022	0.564935064935065
#2E628D	#2E628D	0.333333333333333	0.543290043290043	1	0.318181818181818	0.348484848484849	0.521645021645022	0.564935064935065
#306692	#306692	0.363636363636364	0.543290043290043	1	0.348484848484849	0.378787878787879	0.521645021645022	0.564935064935065
#2E628D	#2E628D	0.363636363636364	0.543290043290043	1	0.348484848484849	0.378787878787879	0.521645021645022	0.564935064935065
#2C5E88	#2C5E88	0.363636363636364	0.543290043290043	1	0.348484848484849	0.378787878787879	0.521645021645022	0.564935064935065
#2A5A82	#2A5A82	0.393939393939394	0.543290043290043	1	0.378787878787879	0.409090909090909	0.521645021645022	0.564935064935065
#275278	#275278	0.393939393939394	0.543290043290043	1	0.378787878787879	0.409090909090909	0.521645021645022	0.564935064935065
#254F73	#254F73	0.393939393939394	0.543290043290043	1	0.378787878787879	0.409090909090909	0.521645021645022	0.564935064935065
#234B6E	#234B6E	0.424242424242424	0.543290043290043	1	0.409090909090909	0.439393939393939	0.521645021645022	0.564935064935065
#234B6E	#234B6E	0.424242424242424	0.543290043290043	1	0.409090909090909	0.439393939393939	0.521645021645022	0.564935064935065
#234B6E	#234B6E	0.424242424242424	0.543290043290043	1	0.409090909090909	0.439393939393939	0.521645021645022	0.564935064935065
#254F73	#254F73	0.454545454545455	0.543290043290043	1	0.439393939393939	0.46969696969697	0.521645021645022	0.564935064935065
#275278	#275278	0.454545454545455	0.543290043290043	1	0.439393939393939	0.46969696969697	0.521645021645022	0.564935064935065
#275278	#275278	0.454545454545455	0.543290043290043	1	0.439393939393939	0.46969696969697	0.521645021645022	0.564935064935065
#28567D	#28567D	0.484848484848485	0.543290043290043	1	0.46969696969697	0.5	0.521645021645022	0.564935064935065
#2A5A82	#2A5A82	0.484848484848485	0.543290043290043	1	0.46969696969697	0.5	0.521645021645022	0.564935064935065
#2C5E88	#2C5E88	0.484848484848485	0.543290043290043	1	0.46969696969697	0.5	0.521645021645022	0.564935064935065
#2E628D	#2E628D	0.515151515151515	0.543290043290043	1	0.5	0.53030303030303	0.521645021645022	0.564935064935065
#2E628D	#2E628D	0.515151515151515	0.543290043290043	1	0.5	0.53030303030303	0.521645021645022	0.564935064935065
#2E628D	#2E628D	0.515151515151515	0.543290043290043	1	0.5	0.53030303030303	0.521645021645022	0.564935064935065
#2E628D	#2E628D	0.545454545454545	0.543290043290043	1	0.53030303030303	0.560606060606061	0.521645021645022	0.564935064935065
#2E628D	#2E628D	0.545454545454545	0.543290043290043	1	0.53030303030303	0.560606060606061	0.521645021645022	0.564935064935065
#2E628D	#2E628D	0.545454545454545	0.543290043290043	1	0.53030303030303	0.560606060606061	0.521645021645022	0.564935064935065
#306692	#306692	0.575757575757576	0.543290043290043	1	0.560606060606061	0.590909090909091	0.521645021645022	0.564935064935065
#306692	#306692	0.575757575757576	0.543290043290043	1	0.560606060606061	0.590909090909091	0.521645021645022	0.564935064935065
#306692	#306692	0.575757575757576	0.543290043290043	1	0.560606060606061	0.590909090909091	0.521645021645022	0.564935064935065
#326A97	#326A97	0.606060606060606	0.543290043290043	1	0.590909090909091	0.621212121212121	0.521645021645022	0.564935064935065
#326A97	#326A97	0.606060606060606	0.543290043290043	1	0.590909090909091	0.621212121212121	0.521645021645022	0.564935064935065
#346E9D	#346E9D	0.606060606060606	0.543290043290043	1	0.590909090909091	0.621212121212121	0.521645021645022	0.564935064935065
#346E9D	#346E9D	0.636363636363636	0.543290043290043	1	0.621212121212121	0.651515151515151	0.521645021645022	0.564935064935065
#3672A2	#3672A2	0.636363636363636	0.543290043290043	1	0.621212121212121	0.651515151515151	0.521645021645022	0.564935064935065
#3672A2	#3672A2	0.636363636363636	0.543290043290043	1	0.621212121212121	0.651515151515151	0.521645021645022	0.564935064935065
#3876A8	#3876A8	0.666666666666667	0.543290043290043	1	0.651515151515151	0.681818181818182	0.521645021645022	0.564935064935065
#3876A8	#3876A8	0.666666666666667	0.543290043290043	1	0.651515151515151	0.681818181818182	0.521645021645022	0.564935064935065
#3A7AAD	#3A7AAD	0.666666666666667	0.543290043290043	1	0.651515151515151	0.681818181818182	0.521645021645022	0.564935064935065
#3A7AAD	#3A7AAD	0.696969696969697	0.543290043290043	1	0.681818181818182	0.712121212121212	0.521645021645022	0.564935064935065
#3C7EB3	#3C7EB3	0.696969696969697	0.543290043290043	1	0.681818181818182	0.712121212121212	0.521645021645022	0.564935064935065
#3C7EB3	#3C7EB3	0.696969696969697	0.543290043290043	1	0.681818181818182	0.712121212121212	0.521645021645022	0.564935064935065
#3E82B8	#3E82B8	0.727272727272727	0.543290043290043	1	0.712121212121212	0.742424242424242	0.521645021645022	0.564935064935065
#4086BE	#4086BE	0.727272727272727	0.543290043290043	1	0.712121212121212	0.742424242424242	0.521645021645022	0.564935064935065
#4086BE	#4086BE	0.727272727272727	0.543290043290043	1	0.712121212121212	0.742424242424242	0.521645021645022	0.564935064935065
#438AC3	#438AC3	0.757575757575758	0.543290043290043	1	0.742424242424242	0.772727272727273	0.521645021645022	0.564935064935065
#458EC9	#458EC9	0.757575757575758	0.543290043290043	1	0.742424242424242	0.772727272727273	0.521645021645022	0.564935064935065
#458EC9	#458EC9	0.757575757575758	0.543290043290043	1	0.742424242424242	0.772727272727273	0.521645021645022	0.564935064935065
#4793CE	#4793CE	0.787878787878788	0.543290043290043	1	0.772727272727273	0.803030303030303	0.521645021645022	0.564935064935065
#4793CE	#4793CE	0.787878787878788	0.543290043290043	1	0.772727272727273	0.803030303030303	0.521645021645022	0.564935064935065
#4793CE	#4793CE	0.787878787878788	0.543290043290043	1	0.772727272727273	0.803030303030303	0.521645021645022	0.564935064935065
#4997D4	#4997D4	0.818181818181818	0.543290043290043	1	0.803030303030303	0.833333333333333	0.521645021645022	0.564935064935065
#4997D4	#4997D4	0.818181818181818	0.543290043290043	1	0.803030303030303	0.833333333333333	0.521645021645022	0.564935064935065
#4B9BD9	#4B9BD9	0.818181818181818	0.543290043290043	1	0.803030303030303	0.833333333333333	0.521645021645022	0.564935064935065
#4B9BD9	#4B9BD9	0.848484848484849	0.543290043290043	1	0.833333333333333	0.863636363636364	0.521645021645022	0.564935064935065
#4D9FDF	#4D9FDF	0.848484848484849	0.543290043290043	1	0.833333333333333	0.863636363636364	0.521645021645022	0.564935064935065
#4D9FDF	#4D9FDF	0.848484848484849	0.543290043290043	1	0.833333333333333	0.863636363636364	0.521645021645022	0.564935064935065
#4FA4E5	#4FA4E5	0.878787878787879	0.543290043290043	1	0.863636363636364	0.893939393939394	0.521645021645022	0.564935064935065
#51A8EB	#51A8EB	0.878787878787879	0.543290043290043	1	0.863636363636364	0.893939393939394	0.521645021645022	0.564935064935065
#51A8EB	#51A8EB	0.878787878787879	0.543290043290043	1	0.863636363636364	0.893939393939394	0.521645021645022	0.564935064935065
#51A8EB	#51A8EB	0.909090909090909	0.543290043290043	1	0.893939393939394	0.924242424242424	0.521645021645022	0.564935064935065
#51A8EB	#51A8EB	0.909090909090909	0.543290043290043	1	0.893939393939394	0.924242424242424	0.521645021645022	0.564935064935065
#51A8EB	#51A8EB	0.909090909090909	0.543290043290043	1	0.893939393939394	0.924242424242424	0.521645021645022	0.564935064935065
#51A8EB	#51A8EB	0.939393939393939	0.543290043290043	1	0.924242424242424	0.954545454545455	0.521645021645022	0.564935064935065
#4B9BD9	#4B9BD9	0.0606060606060606	0.586580086580086	1	0.0454545454545455	0.0757575757575758	0.564935064935065	0.608225108225108
#4793CE	#4793CE	0.0606060606060606	0.586580086580086	1	0.0454545454545455	0.0757575757575758	0.564935064935065	0.608225108225108
#458EC9	#458EC9	0.0909090909090909	0.586580086580086	1	0.0757575757575758	0.106060606060606	0.564935064935065	0.608225108225108
#3E82B8	#3E82B8	0.0909090909090909	0.586580086580086	1	0.0757575757575758	0.106060606060606	0.564935064935065	0.608225108225108
#3C7EB3	#3C7EB3	0.0909090909090909	0.586580086580086	1	0.0757575757575758	0.106060606060606	0.564935064935065	0.608225108225108
#3876A8	#3876A8	0.121212121212121	0.586580086580086	1	0.106060606060606	0.136363636363636	0.564935064935065	0.608225108225108
#3672A2	#3672A2	0.121212121212121	0.586580086580086	1	0.106060606060606	0.136363636363636	0.564935064935065	0.608225108225108
#326A97	#326A97	0.121212121212121	0.586580086580086	1	0.106060606060606	0.136363636363636	0.564935064935065	0.608225108225108
#306692	#306692	0.151515151515152	0.586580086580086	1	0.136363636363636	0.166666666666667	0.564935064935065	0.608225108225108
#2A5A82	#2A5A82	0.151515151515152	0.586580086580086	1	0.136363636363636	0.166666666666667	0.564935064935065	0.608225108225108
#275278	#275278	0.151515151515152	0.586580086580086	1	0.136363636363636	0.166666666666667	0.564935064935065	0.608225108225108
#234B6E	#234B6E	0.181818181818182	0.586580086580086	1	0.166666666666667	0.196969696969697	0.564935064935065	0.608225108225108
#214769	#214769	0.181818181818182	0.586580086580086	1	0.166666666666667	0.196969696969697	0.564935064935065	0.608225108225108
#1F4364	#1F4364	0.181818181818182	0.586580086580086	1	0.166666666666667	0.196969696969697	0.564935064935065	0.608225108225108
#1A3955	#1A3955	0.212121212121212	0.586580086580086	1	0.196969696969697	0.227272727272727	0.564935064935065	0.608225108225108
#1A3955	#1A3955	0.212121212121212	0.586580086580086	1	0.196969696969697	0.227272727272727	0.564935064935065	0.608225108225108
#16314C	#16314C	0.212121212121212	0.586580086580086	1	0.196969696969697	0.227272727272727	0.564935064935065	0.608225108225108
#16314C	#16314C	0.242424242424242	0.586580086580086	1	0.227272727272727	0.257575757575758	0.564935064935065	0.608225108225108
#16314C	#16314C	0.242424242424242	0.586580086580086	1	0.227272727272727	0.257575757575758	0.564935064935065	0.608225108225108
#16314C	#16314C	0.242424242424242	0.586580086580086	1	0.227272727272727	0.257575757575758	0.564935064935065	0.608225108225108
#16314C	#16314C	0.272727272727273	0.586580086580086	1	0.257575757575758	0.287878787878788	0.564935064935065	0.608225108225108
#1A3955	#1A3955	0.272727272727273	0.586580086580086	1	0.257575757575758	0.287878787878788	0.564935064935065	0.608225108225108
#1F4364	#1F4364	0.272727272727273	0.586580086580086	1	0.257575757575758	0.287878787878788	0.564935064935065	0.608225108225108
#234B6E	#234B6E	0.303030303030303	0.586580086580086	1	0.287878787878788	0.318181818181818	0.564935064935065	0.608225108225108
#254F73	#254F73	0.303030303030303	0.586580086580086	1	0.287878787878788	0.318181818181818	0.564935064935065	0.608225108225108
#28567D	#28567D	0.303030303030303	0.586580086580086	1	0.287878787878788	0.318181818181818	0.564935064935065	0.608225108225108
#2A5A82	#2A5A82	0.333333333333333	0.586580086580086	1	0.318181818181818	0.348484848484849	0.564935064935065	0.608225108225108
#2C5E88	#2C5E88	0.333333333333333	0.586580086580086	1	0.318181818181818	0.348484848484849	0.564935064935065	0.608225108225108
#2E628D	#2E628D	0.333333333333333	0.586580086580086	1	0.318181818181818	0.348484848484849	0.564935064935065	0.608225108225108
#2E628D	#2E628D	0.363636363636364	0.586580086580086	1	0.348484848484849	0.378787878787879	0.564935064935065	0.608225108225108
#2E628D	#2E628D	0.363636363636364	0.586580086580086	1	0.348484848484849	0.378787878787879	0.564935064935065	0.608225108225108
#2C5E88	#2C5E88	0.363636363636364	0.586580086580086	1	0.348484848484849	0.378787878787879	0.564935064935065	0.608225108225108
#28567D	#28567D	0.393939393939394	0.586580086580086	1	0.378787878787879	0.409090909090909	0.564935064935065	0.608225108225108
#275278	#275278	0.393939393939394	0.586580086580086	1	0.378787878787879	0.409090909090909	0.564935064935065	0.608225108225108
#234B6E	#234B6E	0.393939393939394	0.586580086580086	1	0.378787878787879	0.409090909090909	0.564935064935065	0.608225108225108
#234B6E	#234B6E	0.424242424242424	0.586580086580086	1	0.409090909090909	0.439393939393939	0.564935064935065	0.608225108225108
#234B6E	#234B6E	0.424242424242424	0.586580086580086	1	0.409090909090909	0.439393939393939	0.564935064935065	0.608225108225108
#254F73	#254F73	0.424242424242424	0.586580086580086	1	0.409090909090909	0.439393939393939	0.564935064935065	0.608225108225108
#254F73	#254F73	0.454545454545455	0.586580086580086	1	0.439393939393939	0.46969696969697	0.564935064935065	0.608225108225108
#275278	#275278	0.454545454545455	0.586580086580086	1	0.439393939393939	0.46969696969697	0.564935064935065	0.608225108225108
#28567D	#28567D	0.454545454545455	0.586580086580086	1	0.439393939393939	0.46969696969697	0.564935064935065	0.608225108225108
#2A5A82	#2A5A82	0.484848484848485	0.586580086580086	1	0.46969696969697	0.5	0.564935064935065	0.608225108225108
#2C5E88	#2C5E88	0.484848484848485	0.586580086580086	1	0.46969696969697	0.5	0.564935064935065	0.608225108225108
#2C5E88	#2C5E88	0.484848484848485	0.586580086580086	1	0.46969696969697	0.5	0.564935064935065	0.608225108225108
#2E628D	#2E628D	0.515151515151515	0.586580086580086	1	0.5	0.53030303030303	0.564935064935065	0.608225108225108
#306692	#306692	0.515151515151515	0.586580086580086	1	0.5	0.53030303030303	0.564935064935065	0.608225108225108
#306692	#306692	0.515151515151515	0.586580086580086	1	0.5	0.53030303030303	0.564935064935065	0.608225108225108
#306692	#306692	0.545454545454545	0.586580086580086	1	0.53030303030303	0.560606060606061	0.564935064935065	0.608225108225108
#306692	#306692	0.545454545454545	0.586580086580086	1	0.53030303030303	0.560606060606061	0.564935064935065	0.608225108225108
#306692	#306692	0.545454545454545	0.586580086580086	1	0.53030303030303	0.560606060606061	0.564935064935065	0.608225108225108
#306692	#306692	0.575757575757576	0.586580086580086	1	0.560606060606061	0.590909090909091	0.564935064935065	0.608225108225108
#326A97	#326A97	0.575757575757576	0.586580086580086	1	0.560606060606061	0.590909090909091	0.564935064935065	0.608225108225108
#326A97	#326A97	0.575757575757576	0.586580086580086	1	0.560606060606061	0.590909090909091	0.564935064935065	0.608225108225108
#326A97	#326A97	0.606060606060606	0.586580086580086	1	0.590909090909091	0.621212121212121	0.564935064935065	0.608225108225108
#346E9D	#346E9D	0.606060606060606	0.586580086580086	1	0.590909090909091	0.621212121212121	0.564935064935065	0.608225108225108
#346E9D	#346E9D	0.606060606060606	0.586580086580086	1	0.590909090909091	0.621212121212121	0.564935064935065	0.608225108225108
#346E9D	#346E9D	0.636363636363636	0.586580086580086	1	0.621212121212121	0.651515151515151	0.564935064935065	0.608225108225108
#3672A2	#3672A2	0.636363636363636	0.586580086580086	1	0.621212121212121	0.651515151515151	0.564935064935065	0.608225108225108
#3672A2	#3672A2	0.636363636363636	0.586580086580086	1	0.621212121212121	0.651515151515151	0.564935064935065	0.608225108225108
#3672A2	#3672A2	0.666666666666667	0.586580086580086	1	0.651515151515151	0.681818181818182	0.564935064935065	0.608225108225108
#3876A8	#3876A8	0.666666666666667	0.586580086580086	1	0.651515151515151	0.681818181818182	0.564935064935065	0.608225108225108
#3A7AAD	#3A7AAD	0.666666666666667	0.586580086580086	1	0.651515151515151	0.681818181818182	0.564935064935065	0.608225108225108
#3A7AAD	#3A7AAD	0.696969696969697	0.586580086580086	1	0.681818181818182	0.712121212121212	0.564935064935065	0.608225108225108
#3C7EB3	#3C7EB3	0.696969696969697	0.586580086580086	1	0.681818181818182	0.712121212121212	0.564935064935065	0.608225108225108
#3E82B8	#3E82B8	0.696969696969697	0.586580086580086	1	0.681818181818182	0.712121212121212	0.564935064935065	0.608225108225108
#3E82B8	#3E82B8	0.727272727272727	0.586580086580086	1	0.712121212121212	0.742424242424242	0.564935064935065	0.608225108225108
#4086BE	#4086BE	0.727272727272727	0.586580086580086	1	0.712121212121212	0.742424242424242	0.564935064935065	0.608225108225108
#438AC3	#438AC3	0.727272727272727	0.586580086580086	1	0.712121212121212	0.742424242424242	0.564935064935065	0.608225108225108
#438AC3	#438AC3	0.757575757575758	0.586580086580086	1	0.742424242424242	0.772727272727273	0.564935064935065	0.608225108225108
#458EC9	#458EC9	0.757575757575758	0.586580086580086	1	0.742424242424242	0.772727272727273	0.564935064935065	0.608225108225108
#4793CE	#4793CE	0.757575757575758	0.586580086580086	1	0.742424242424242	0.772727272727273	0.564935064935065	0.608225108225108
#4793CE	#4793CE	0.787878787878788	0.586580086580086	1	0.772727272727273	0.803030303030303	0.564935064935065	0.608225108225108
#4997D4	#4997D4	0.787878787878788	0.586580086580086	1	0.772727272727273	0.803030303030303	0.564935064935065	0.608225108225108
#4997D4	#4997D4	0.787878787878788	0.586580086580086	1	0.772727272727273	0.803030303030303	0.564935064935065	0.608225108225108
#4997D4	#4997D4	0.818181818181818	0.586580086580086	1	0.803030303030303	0.833333333333333	0.564935064935065	0.608225108225108
#4997D4	#4997D4	0.818181818181818	0.586580086580086	1	0.803030303030303	0.833333333333333	0.564935064935065	0.608225108225108
#4B9BD9	#4B9BD9	0.818181818181818	0.586580086580086	1	0.803030303030303	0.833333333333333	0.564935064935065	0.608225108225108
#4D9FDF	#4D9FDF	0.848484848484849	0.586580086580086	1	0.833333333333333	0.863636363636364	0.564935064935065	0.608225108225108
#4D9FDF	#4D9FDF	0.848484848484849	0.586580086580086	1	0.833333333333333	0.863636363636364	0.564935064935065	0.608225108225108
#4D9FDF	#4D9FDF	0.848484848484849	0.586580086580086	1	0.833333333333333	0.863636363636364	0.564935064935065	0.608225108225108
#4FA4E5	#4FA4E5	0.878787878787879	0.586580086580086	1	0.863636363636364	0.893939393939394	0.564935064935065	0.608225108225108
#4FA4E5	#4FA4E5	0.878787878787879	0.586580086580086	1	0.863636363636364	0.893939393939394	0.564935064935065	0.608225108225108
#51A8EB	#51A8EB	0.878787878787879	0.586580086580086	1	0.863636363636364	0.893939393939394	0.564935064935065	0.608225108225108
#51A8EB	#51A8EB	0.909090909090909	0.586580086580086	1	0.893939393939394	0.924242424242424	0.564935064935065	0.608225108225108
#51A8EB	#51A8EB	0.909090909090909	0.586580086580086	1	0.893939393939394	0.924242424242424	0.564935064935065	0.608225108225108
#51A8EB	#51A8EB	0.909090909090909	0.586580086580086	1	0.893939393939394	0.924242424242424	0.564935064935065	0.608225108225108
#51A8EB	#51A8EB	0.939393939393939	0.586580086580086	1	0.924242424242424	0.954545454545455	0.564935064935065	0.608225108225108
#4B9BD9	#4B9BD9	0.0606060606060606	0.586580086580086	1	0.0454545454545455	0.0757575757575758	0.564935064935065	0.608225108225108
#4793CE	#4793CE	0.0606060606060606	0.586580086580086	1	0.0454545454545455	0.0757575757575758	0.564935064935065	0.608225108225108
#438AC3	#438AC3	0.0909090909090909	0.586580086580086	1	0.0757575757575758	0.106060606060606	0.564935064935065	0.608225108225108
#3E82B8	#3E82B8	0.0909090909090909	0.586580086580086	1	0.0757575757575758	0.106060606060606	0.564935064935065	0.608225108225108
#3A7AAD	#3A7AAD	0.0909090909090909	0.586580086580086	1	0.0757575757575758	0.106060606060606	0.564935064935065	0.608225108225108
#3876A8	#3876A8	0.121212121212121	0.586580086580086	1	0.106060606060606	0.136363636363636	0.564935064935065	0.608225108225108
#3672A2	#3672A2	0.121212121212121	0.586580086580086	1	0.106060606060606	0.136363636363636	0.564935064935065	0.608225108225108
#326A97	#326A97	0.121212121212121	0.586580086580086	1	0.106060606060606	0.136363636363636	0.564935064935065	0.608225108225108
#306692	#306692	0.151515151515152	0.586580086580086	1	0.136363636363636	0.166666666666667	0.564935064935065	0.608225108225108
#2C5E88	#2C5E88	0.151515151515152	0.586580086580086	1	0.136363636363636	0.166666666666667	0.564935064935065	0.608225108225108
#28567D	#28567D	0.151515151515152	0.586580086580086	1	0.136363636363636	0.166666666666667	0.564935064935065	0.608225108225108
#254F73	#254F73	0.181818181818182	0.586580086580086	1	0.166666666666667	0.196969696969697	0.564935064935065	0.608225108225108
#214769	#214769	0.181818181818182	0.586580086580086	1	0.166666666666667	0.196969696969697	0.564935064935065	0.608225108225108
#1F4364	#1F4364	0.181818181818182	0.586580086580086	1	0.166666666666667	0.196969696969697	0.564935064935065	0.608225108225108
#1B3C5A	#1B3C5A	0.212121212121212	0.586580086580086	1	0.196969696969697	0.227272727272727	0.564935064935065	0.608225108225108
#1A3955	#1A3955	0.212121212121212	0.586580086580086	1	0.196969696969697	0.227272727272727	0.564935064935065	0.608225108225108
#16314C	#16314C	0.212121212121212	0.586580086580086	1	0.196969696969697	0.227272727272727	0.564935064935065	0.608225108225108
#16314C	#16314C	0.242424242424242	0.586580086580086	1	0.227272727272727	0.257575757575758	0.564935064935065	0.608225108225108
#16314C	#16314C	0.242424242424242	0.586580086580086	1	0.227272727272727	0.257575757575758	0.564935064935065	0.608225108225108
#16314C	#16314C	0.242424242424242	0.586580086580086	1	0.227272727272727	0.257575757575758	0.564935064935065	0.608225108225108
#16314C	#16314C	0.272727272727273	0.586580086580086	1	0.257575757575758	0.287878787878788	0.564935064935065	0.608225108225108
#1A3955	#1A3955	0.272727272727273	0.586580086580086	1	0.257575757575758	0.287878787878788	0.564935064935065	0.608225108225108
#1F4364	#1F4364	0.272727272727273	0.586580086580086	1	0.257575757575758	0.287878787878788	0.564935064935065	0.608225108225108
#234B6E	#234B6E	0.303030303030303	0.586580086580086	1	0.287878787878788	0.318181818181818	0.564935064935065	0.608225108225108
#254F73	#254F73	0.303030303030303	0.586580086580086	1	0.287878787878788	0.318181818181818	0.564935064935065	0.608225108225108
#275278	#275278	0.303030303030303	0.586580086580086	1	0.287878787878788	0.318181818181818	0.564935064935065	0.608225108225108
#28567D	#28567D	0.333333333333333	0.586580086580086	1	0.318181818181818	0.348484848484849	0.564935064935065	0.608225108225108
#2A5A82	#2A5A82	0.333333333333333	0.586580086580086	1	0.318181818181818	0.348484848484849	0.564935064935065	0.608225108225108
#2C5E88	#2C5E88	0.333333333333333	0.586580086580086	1	0.318181818181818	0.348484848484849	0.564935064935065	0.608225108225108
#2C5E88	#2C5E88	0.363636363636364	0.586580086580086	1	0.348484848484849	0.378787878787879	0.564935064935065	0.608225108225108
#2C5E88	#2C5E88	0.363636363636364	0.586580086580086	1	0.348484848484849	0.378787878787879	0.564935064935065	0.608225108225108
#2A5A82	#2A5A82	0.363636363636364	0.586580086580086	1	0.348484848484849	0.378787878787879	0.564935064935065	0.608225108225108
#28567D	#28567D	0.393939393939394	0.586580086580086	1	0.378787878787879	0.409090909090909	0.564935064935065	0.608225108225108
#254F73	#254F73	0.393939393939394	0.586580086580086	1	0.378787878787879	0.409090909090909	0.564935064935065	0.608225108225108
#234B6E	#234B6E	0.393939393939394	0.586580086580086	1	0.378787878787879	0.409090909090909	0.564935064935065	0.608225108225108
#254F73	#254F73	0.424242424242424	0.586580086580086	1	0.409090909090909	0.439393939393939	0.564935064935065	0.608225108225108
#254F73	#254F73	0.424242424242424	0.586580086580086	1	0.409090909090909	0.439393939393939	0.564935064935065	0.608225108225108
#254F73	#254F73	0.424242424242424	0.586580086580086	1	0.409090909090909	0.439393939393939	0.564935064935065	0.608225108225108
#275278	#275278	0.454545454545455	0.586580086580086	1	0.439393939393939	0.46969696969697	0.564935064935065	0.608225108225108
#28567D	#28567D	0.454545454545455	0.586580086580086	1	0.439393939393939	0.46969696969697	0.564935064935065	0.608225108225108
#2A5A82	#2A5A82	0.454545454545455	0.586580086580086	1	0.439393939393939	0.46969696969697	0.564935064935065	0.608225108225108
#2C5E88	#2C5E88	0.484848484848485	0.586580086580086	1	0.46969696969697	0.5	0.564935064935065	0.608225108225108
#2E628D	#2E628D	0.484848484848485	0.586580086580086	1	0.46969696969697	0.5	0.564935064935065	0.608225108225108
#2E628D	#2E628D	0.484848484848485	0.586580086580086	1	0.46969696969697	0.5	0.564935064935065	0.608225108225108
#326A97	#326A97	0.515151515151515	0.586580086580086	1	0.5	0.53030303030303	0.564935064935065	0.608225108225108
#326A97	#326A97	0.515151515151515	0.586580086580086	1	0.5	0.53030303030303	0.564935064935065	0.608225108225108
#326A97	#326A97	0.515151515151515	0.586580086580086	1	0.5	0.53030303030303	0.564935064935065	0.608225108225108
#326A97	#326A97	0.545454545454545	0.586580086580086	1	0.53030303030303	0.560606060606061	0.564935064935065	0.608225108225108
#326A97	#326A97	0.545454545454545	0.586580086580086	1	0.53030303030303	0.560606060606061	0.564935064935065	0.608225108225108
#326A97	#326A97	0.545454545454545	0.586580086580086	1	0.53030303030303	0.560606060606061	0.564935064935065	0.608225108225108
#326A97	#326A97	0.575757575757576	0.586580086580086	1	0.560606060606061	0.590909090909091	0.564935064935065	0.608225108225108
#326A97	#326A97	0.575757575757576	0.586580086580086	1	0.560606060606061	0.590909090909091	0.564935064935065	0.608225108225108
#326A97	#326A97	0.575757575757576	0.586580086580086	1	0.560606060606061	0.590909090909091	0.564935064935065	0.608225108225108
#326A97	#326A97	0.606060606060606	0.586580086580086	1	0.590909090909091	0.621212121212121	0.564935064935065	0.608225108225108
#346E9D	#346E9D	0.606060606060606	0.586580086580086	1	0.590909090909091	0.621212121212121	0.564935064935065	0.608225108225108
#346E9D	#346E9D	0.606060606060606	0.586580086580086	1	0.590909090909091	0.621212121212121	0.564935064935065	0.608225108225108
#3672A2	#3672A2	0.636363636363636	0.586580086580086	1	0.621212121212121	0.651515151515151	0.564935064935065	0.608225108225108
#3672A2	#3672A2	0.636363636363636	0.586580086580086	1	0.621212121212121	0.651515151515151	0.564935064935065	0.608225108225108
#3672A2	#3672A2	0.636363636363636	0.586580086580086	1	0.621212121212121	0.651515151515151	0.564935064935065	0.608225108225108
#3672A2	#3672A2	0.666666666666667	0.586580086580086	1	0.651515151515151	0.681818181818182	0.564935064935065	0.608225108225108
#3672A2	#3672A2	0.666666666666667	0.586580086580086	1	0.651515151515151	0.681818181818182	0.564935064935065	0.608225108225108
#3876A8	#3876A8	0.666666666666667	0.586580086580086	1	0.651515151515151	0.681818181818182	0.564935064935065	0.608225108225108
#3A7AAD	#3A7AAD	0.696969696969697	0.586580086580086	1	0.681818181818182	0.712121212121212	0.564935064935065	0.608225108225108
#3C7EB3	#3C7EB3	0.696969696969697	0.586580086580086	1	0.681818181818182	0.712121212121212	0.564935064935065	0.608225108225108
#3E82B8	#3E82B8	0.696969696969697	0.586580086580086	1	0.681818181818182	0.712121212121212	0.564935064935065	0.608225108225108
#4086BE	#4086BE	0.727272727272727	0.586580086580086	1	0.712121212121212	0.742424242424242	0.564935064935065	0.608225108225108
#4086BE	#4086BE	0.727272727272727	0.586580086580086	1	0.712121212121212	0.742424242424242	0.564935064935065	0.608225108225108
#438AC3	#438AC3	0.727272727272727	0.586580086580086	1	0.712121212121212	0.742424242424242	0.564935064935065	0.608225108225108
#458EC9	#458EC9	0.757575757575758	0.586580086580086	1	0.742424242424242	0.772727272727273	0.564935064935065	0.608225108225108
#458EC9	#458EC9	0.757575757575758	0.586580086580086	1	0.742424242424242	0.772727272727273	0.564935064935065	0.608225108225108
#4793CE	#4793CE	0.757575757575758	0.586580086580086	1	0.742424242424242	0.772727272727273	0.564935064935065	0.608225108225108
#4997D4	#4997D4	0.787878787878788	0.586580086580086	1	0.772727272727273	0.803030303030303	0.564935064935065	0.608225108225108
#4997D4	#4997D4	0.787878787878788	0.586580086580086	1	0.772727272727273	0.803030303030303	0.564935064935065	0.608225108225108
#4997D4	#4997D4	0.787878787878788	0.586580086580086	1	0.772727272727273	0.803030303030303	0.564935064935065	0.608225108225108
#4997D4	#4997D4	0.818181818181818	0.586580086580086	1	0.803030303030303	0.833333333333333	0.564935064935065	0.608225108225108
#4B9BD9	#4B9BD9	0.818181818181818	0.586580086580086	1	0.803030303030303	0.833333333333333	0.564935064935065	0.608225108225108
#4B9BD9	#4B9BD9	0.818181818181818	0.586580086580086	1	0.803030303030303	0.833333333333333	0.564935064935065	0.608225108225108
#4D9FDF	#4D9FDF	0.848484848484849	0.586580086580086	1	0.833333333333333	0.863636363636364	0.564935064935065	0.608225108225108
#4D9FDF	#4D9FDF	0.848484848484849	0.586580086580086	1	0.833333333333333	0.863636363636364	0.564935064935065	0.608225108225108
#4FA4E5	#4FA4E5	0.848484848484849	0.586580086580086	1	0.833333333333333	0.863636363636364	0.564935064935065	0.608225108225108
#51A8EB	#51A8EB	0.878787878787879	0.586580086580086	1	0.863636363636364	0.893939393939394	0.564935064935065	0.608225108225108
#51A8EB	#51A8EB	0.878787878787879	0.586580086580086	1	0.863636363636364	0.893939393939394	0.564935064935065	0.608225108225108
#51A8EB	#51A8EB	0.878787878787879	0.586580086580086	1	0.863636363636364	0.893939393939394	0.564935064935065	0.608225108225108
#51A8EB	#51A8EB	0.909090909090909	0.586580086580086	1	0.893939393939394	0.924242424242424	0.564935064935065	0.608225108225108
#51A8EB	#51A8EB	0.909090909090909	0.586580086580086	1	0.893939393939394	0.924242424242424	0.564935064935065	0.608225108225108
#53ACF1	#53ACF1	0.909090909090909	0.586580086580086	1	0.893939393939394	0.924242424242424	0.564935064935065	0.608225108225108
#53ACF1	#53ACF1	0.939393939393939	0.586580086580086	1	0.924242424242424	0.954545454545455	0.564935064935065	0.608225108225108
#4B9BD9	#4B9BD9	0.0606060606060606	0.586580086580086	1	0.0454545454545455	0.0757575757575758	0.564935064935065	0.608225108225108
#4793CE	#4793CE	0.0606060606060606	0.586580086580086	1	0.0454545454545455	0.0757575757575758	0.564935064935065	0.608225108225108
#438AC3	#438AC3	0.0909090909090909	0.586580086580086	1	0.0757575757575758	0.106060606060606	0.564935064935065	0.608225108225108
#3E82B8	#3E82B8	0.0909090909090909	0.586580086580086	1	0.0757575757575758	0.106060606060606	0.564935064935065	0.608225108225108
#3A7AAD	#3A7AAD	0.0909090909090909	0.586580086580086	1	0.0757575757575758	0.106060606060606	0.564935064935065	0.608225108225108
#3876A8	#3876A8	0.121212121212121	0.586580086580086	1	0.106060606060606	0.136363636363636	0.564935064935065	0.608225108225108
#3672A2	#3672A2	0.121212121212121	0.586580086580086	1	0.106060606060606	0.136363636363636	0.564935064935065	0.608225108225108
#326A97	#326A97	0.121212121212121	0.586580086580086	1	0.106060606060606	0.136363636363636	0.564935064935065	0.608225108225108
#306692	#306692	0.151515151515152	0.586580086580086	1	0.136363636363636	0.166666666666667	0.564935064935065	0.608225108225108
#2E628D	#2E628D	0.151515151515152	0.586580086580086	1	0.136363636363636	0.166666666666667	0.564935064935065	0.608225108225108
#2A5A82	#2A5A82	0.151515151515152	0.586580086580086	1	0.136363636363636	0.166666666666667	0.564935064935065	0.608225108225108
#275278	#275278	0.181818181818182	0.586580086580086	1	0.166666666666667	0.196969696969697	0.564935064935065	0.608225108225108
#234B6E	#234B6E	0.181818181818182	0.586580086580086	1	0.166666666666667	0.196969696969697	0.564935064935065	0.608225108225108
#1F4364	#1F4364	0.181818181818182	0.586580086580086	1	0.166666666666667	0.196969696969697	0.564935064935065	0.608225108225108
#1D405F	#1D405F	0.212121212121212	0.586580086580086	1	0.196969696969697	0.227272727272727	0.564935064935065	0.608225108225108
#1B3C5A	#1B3C5A	0.212121212121212	0.586580086580086	1	0.196969696969697	0.227272727272727	0.564935064935065	0.608225108225108
#183551	#183551	0.212121212121212	0.586580086580086	1	0.196969696969697	0.227272727272727	0.564935064935065	0.608225108225108
#183551	#183551	0.242424242424242	0.586580086580086	1	0.227272727272727	0.257575757575758	0.564935064935065	0.608225108225108
#16314C	#16314C	0.242424242424242	0.586580086580086	1	0.227272727272727	0.257575757575758	0.564935064935065	0.608225108225108
#16314C	#16314C	0.242424242424242	0.586580086580086	1	0.227272727272727	0.257575757575758	0.564935064935065	0.608225108225108
#16314C	#16314C	0.272727272727273	0.586580086580086	1	0.257575757575758	0.287878787878788	0.564935064935065	0.608225108225108
#1A3955	#1A3955	0.272727272727273	0.586580086580086	1	0.257575757575758	0.287878787878788	0.564935064935065	0.608225108225108
#1D405F	#1D405F	0.272727272727273	0.586580086580086	1	0.257575757575758	0.287878787878788	0.564935064935065	0.608225108225108
#214769	#214769	0.303030303030303	0.586580086580086	1	0.287878787878788	0.318181818181818	0.564935064935065	0.608225108225108
#234B6E	#234B6E	0.303030303030303	0.586580086580086	1	0.287878787878788	0.318181818181818	0.564935064935065	0.608225108225108
#254F73	#254F73	0.303030303030303	0.586580086580086	1	0.287878787878788	0.318181818181818	0.564935064935065	0.608225108225108
#275278	#275278	0.333333333333333	0.586580086580086	1	0.318181818181818	0.348484848484849	0.564935064935065	0.608225108225108
#28567D	#28567D	0.333333333333333	0.586580086580086	1	0.318181818181818	0.348484848484849	0.564935064935065	0.608225108225108
#2A5A82	#2A5A82	0.333333333333333	0.586580086580086	1	0.318181818181818	0.348484848484849	0.564935064935065	0.608225108225108
#2A5A82	#2A5A82	0.363636363636364	0.586580086580086	1	0.348484848484849	0.378787878787879	0.564935064935065	0.608225108225108
#28567D	#28567D	0.363636363636364	0.586580086580086	1	0.348484848484849	0.378787878787879	0.564935064935065	0.608225108225108
#28567D	#28567D	0.363636363636364	0.586580086580086	1	0.348484848484849	0.378787878787879	0.564935064935065	0.608225108225108
#254F73	#254F73	0.393939393939394	0.586580086580086	1	0.378787878787879	0.409090909090909	0.564935064935065	0.608225108225108
#254F73	#254F73	0.393939393939394	0.586580086580086	1	0.378787878787879	0.409090909090909	0.564935064935065	0.608225108225108
#234B6E	#234B6E	0.393939393939394	0.586580086580086	1	0.378787878787879	0.409090909090909	0.564935064935065	0.608225108225108
#254F73	#254F73	0.424242424242424	0.586580086580086	1	0.409090909090909	0.439393939393939	0.564935064935065	0.608225108225108
#275278	#275278	0.424242424242424	0.586580086580086	1	0.409090909090909	0.439393939393939	0.564935064935065	0.608225108225108
#275278	#275278	0.424242424242424	0.586580086580086	1	0.409090909090909	0.439393939393939	0.564935064935065	0.608225108225108
#28567D	#28567D	0.454545454545455	0.586580086580086	1	0.439393939393939	0.46969696969697	0.564935064935065	0.608225108225108
#28567D	#28567D	0.454545454545455	0.586580086580086	1	0.439393939393939	0.46969696969697	0.564935064935065	0.608225108225108
#2A5A82	#2A5A82	0.454545454545455	0.586580086580086	1	0.439393939393939	0.46969696969697	0.564935064935065	0.608225108225108
#2C5E88	#2C5E88	0.484848484848485	0.586580086580086	1	0.46969696969697	0.5	0.564935064935065	0.608225108225108
#306692	#306692	0.484848484848485	0.586580086580086	1	0.46969696969697	0.5	0.564935064935065	0.608225108225108
#326A97	#326A97	0.484848484848485	0.586580086580086	1	0.46969696969697	0.5	0.564935064935065	0.608225108225108
#346E9D	#346E9D	0.515151515151515	0.586580086580086	1	0.5	0.53030303030303	0.564935064935065	0.608225108225108
#346E9D	#346E9D	0.515151515151515	0.586580086580086	1	0.5	0.53030303030303	0.564935064935065	0.608225108225108
#346E9D	#346E9D	0.515151515151515	0.586580086580086	1	0.5	0.53030303030303	0.564935064935065	0.608225108225108
#346E9D	#346E9D	0.545454545454545	0.586580086580086	1	0.53030303030303	0.560606060606061	0.564935064935065	0.608225108225108
#346E9D	#346E9D	0.545454545454545	0.586580086580086	1	0.53030303030303	0.560606060606061	0.564935064935065	0.608225108225108
#346E9D	#346E9D	0.545454545454545	0.586580086580086	1	0.53030303030303	0.560606060606061	0.564935064935065	0.608225108225108
#346E9D	#346E9D	0.575757575757576	0.586580086580086	1	0.560606060606061	0.590909090909091	0.564935064935065	0.608225108225108
#346E9D	#346E9D	0.575757575757576	0.586580086580086	1	0.560606060606061	0.590909090909091	0.564935064935065	0.608225108225108
#326A97	#326A97	0.575757575757576	0.586580086580086	1	0.560606060606061	0.590909090909091	0.564935064935065	0.608225108225108
#346E9D	#346E9D	0.606060606060606	0.586580086580086	1	0.590909090909091	0.621212121212121	0.564935064935065	0.608225108225108
#346E9D	#346E9D	0.606060606060606	0.586580086580086	1	0.590909090909091	0.621212121212121	0.564935064935065	0.608225108225108
#3672A2	#3672A2	0.606060606060606	0.586580086580086	1	0.590909090909091	0.621212121212121	0.564935064935065	0.608225108225108
#3672A2	#3672A2	0.636363636363636	0.586580086580086	1	0.621212121212121	0.651515151515151	0.564935064935065	0.608225108225108
#3672A2	#3672A2	0.636363636363636	0.586580086580086	1	0.621212121212121	0.651515151515151	0.564935064935065	0.608225108225108
#3672A2	#3672A2	0.636363636363636	0.586580086580086	1	0.621212121212121	0.651515151515151	0.564935064935065	0.608225108225108
#3672A2	#3672A2	0.666666666666667	0.586580086580086	1	0.651515151515151	0.681818181818182	0.564935064935065	0.608225108225108
#3672A2	#3672A2	0.666666666666667	0.586580086580086	1	0.651515151515151	0.681818181818182	0.564935064935065	0.608225108225108
#3672A2	#3672A2	0.666666666666667	0.586580086580086	1	0.651515151515151	0.681818181818182	0.564935064935065	0.608225108225108
#3A7AAD	#3A7AAD	0.696969696969697	0.586580086580086	1	0.681818181818182	0.712121212121212	0.564935064935065	0.608225108225108
#3C7EB3	#3C7EB3	0.696969696969697	0.586580086580086	1	0.681818181818182	0.712121212121212	0.564935064935065	0.608225108225108
#3E82B8	#3E82B8	0.696969696969697	0.586580086580086	1	0.681818181818182	0.712121212121212	0.564935064935065	0.608225108225108
#4086BE	#4086BE	0.727272727272727	0.586580086580086	1	0.712121212121212	0.742424242424242	0.564935064935065	0.608225108225108
#4086BE	#4086BE	0.727272727272727	0.586580086580086	1	0.712121212121212	0.742424242424242	0.564935064935065	0.608225108225108
#438AC3	#438AC3	0.727272727272727	0.586580086580086	1	0.712121212121212	0.742424242424242	0.564935064935065	0.608225108225108
#458EC9	#458EC9	0.757575757575758	0.586580086580086	1	0.742424242424242	0.772727272727273	0.564935064935065	0.608225108225108
#4793CE	#4793CE	0.757575757575758	0.586580086580086	1	0.742424242424242	0.772727272727273	0.564935064935065	0.608225108225108
#4793CE	#4793CE	0.757575757575758	0.586580086580086	1	0.742424242424242	0.772727272727273	0.564935064935065	0.608225108225108
#4997D4	#4997D4	0.787878787878788	0.586580086580086	1	0.772727272727273	0.803030303030303	0.564935064935065	0.608225108225108
#4B9BD9	#4B9BD9	0.787878787878788	0.586580086580086	1	0.772727272727273	0.803030303030303	0.564935064935065	0.608225108225108
#4B9BD9	#4B9BD9	0.787878787878788	0.586580086580086	1	0.772727272727273	0.803030303030303	0.564935064935065	0.608225108225108
#4B9BD9	#4B9BD9	0.818181818181818	0.586580086580086	1	0.803030303030303	0.833333333333333	0.564935064935065	0.608225108225108
#4D9FDF	#4D9FDF	0.818181818181818	0.586580086580086	1	0.803030303030303	0.833333333333333	0.564935064935065	0.608225108225108
#4D9FDF	#4D9FDF	0.818181818181818	0.586580086580086	1	0.803030303030303	0.833333333333333	0.564935064935065	0.608225108225108
#4D9FDF	#4D9FDF	0.848484848484849	0.586580086580086	1	0.833333333333333	0.863636363636364	0.564935064935065	0.608225108225108
#4FA4E5	#4FA4E5	0.848484848484849	0.586580086580086	1	0.833333333333333	0.863636363636364	0.564935064935065	0.608225108225108
#51A8EB	#51A8EB	0.848484848484849	0.586580086580086	1	0.833333333333333	0.863636363636364	0.564935064935065	0.608225108225108
#51A8EB	#51A8EB	0.878787878787879	0.586580086580086	1	0.863636363636364	0.893939393939394	0.564935064935065	0.608225108225108
#51A8EB	#51A8EB	0.878787878787879	0.586580086580086	1	0.863636363636364	0.893939393939394	0.564935064935065	0.608225108225108
#51A8EB	#51A8EB	0.878787878787879	0.586580086580086	1	0.863636363636364	0.893939393939394	0.564935064935065	0.608225108225108
#51A8EB	#51A8EB	0.909090909090909	0.586580086580086	1	0.893939393939394	0.924242424242424	0.564935064935065	0.608225108225108
#53ACF1	#53ACF1	0.909090909090909	0.586580086580086	1	0.893939393939394	0.924242424242424	0.564935064935065	0.608225108225108
#53ACF1	#53ACF1	0.909090909090909	0.586580086580086	1	0.893939393939394	0.924242424242424	0.564935064935065	0.608225108225108
#53ACF1	#53ACF1	0.939393939393939	0.586580086580086	1	0.924242424242424	0.954545454545455	0.564935064935065	0.608225108225108
#4B9BD9	#4B9BD9	0.0606060606060606	0.62987012987013	1	0.0454545454545455	0.0757575757575758	0.608225108225108	0.651515151515151
#4793CE	#4793CE	0.0606060606060606	0.62987012987013	1	0.0454545454545455	0.0757575757575758	0.608225108225108	0.651515151515151
#438AC3	#438AC3	0.0909090909090909	0.62987012987013	1	0.0757575757575758	0.106060606060606	0.608225108225108	0.651515151515151
#3E82B8	#3E82B8	0.0909090909090909	0.62987012987013	1	0.0757575757575758	0.106060606060606	0.608225108225108	0.651515151515151
#3C7EB3	#3C7EB3	0.0909090909090909	0.62987012987013	1	0.0757575757575758	0.106060606060606	0.608225108225108	0.651515151515151
#3876A8	#3876A8	0.121212121212121	0.62987012987013	1	0.106060606060606	0.136363636363636	0.608225108225108	0.651515151515151
#3672A2	#3672A2	0.121212121212121	0.62987012987013	1	0.106060606060606	0.136363636363636	0.608225108225108	0.651515151515151
#346E9D	#346E9D	0.121212121212121	0.62987012987013	1	0.106060606060606	0.136363636363636	0.608225108225108	0.651515151515151
#326A97	#326A97	0.151515151515152	0.62987012987013	1	0.136363636363636	0.166666666666667	0.608225108225108	0.651515151515151
#306692	#306692	0.151515151515152	0.62987012987013	1	0.136363636363636	0.166666666666667	0.608225108225108	0.651515151515151
#2C5E88	#2C5E88	0.151515151515152	0.62987012987013	1	0.136363636363636	0.166666666666667	0.608225108225108	0.651515151515151
#28567D	#28567D	0.181818181818182	0.62987012987013	1	0.166666666666667	0.196969696969697	0.608225108225108	0.651515151515151
#254F73	#254F73	0.181818181818182	0.62987012987013	1	0.166666666666667	0.196969696969697	0.608225108225108	0.651515151515151
#214769	#214769	0.181818181818182	0.62987012987013	1	0.166666666666667	0.196969696969697	0.608225108225108	0.651515151515151
#1D405F	#1D405F	0.212121212121212	0.62987012987013	1	0.196969696969697	0.227272727272727	0.608225108225108	0.651515151515151
#1B3C5A	#1B3C5A	0.212121212121212	0.62987012987013	1	0.196969696969697	0.227272727272727	0.608225108225108	0.651515151515151
#1B3C5A	#1B3C5A	0.212121212121212	0.62987012987013	1	0.196969696969697	0.227272727272727	0.608225108225108	0.651515151515151
#183551	#183551	0.242424242424242	0.62987012987013	1	0.227272727272727	0.257575757575758	0.608225108225108	0.651515151515151
#16314C	#16314C	0.242424242424242	0.62987012987013	1	0.227272727272727	0.257575757575758	0.608225108225108	0.651515151515151
#16314C	#16314C	0.242424242424242	0.62987012987013	1	0.227272727272727	0.257575757575758	0.608225108225108	0.651515151515151
#16314C	#16314C	0.272727272727273	0.62987012987013	1	0.257575757575758	0.287878787878788	0.608225108225108	0.651515151515151
#1A3955	#1A3955	0.272727272727273	0.62987012987013	1	0.257575757575758	0.287878787878788	0.608225108225108	0.651515151515151
#1D405F	#1D405F	0.272727272727273	0.62987012987013	1	0.257575757575758	0.287878787878788	0.608225108225108	0.651515151515151
#1F4364	#1F4364	0.303030303030303	0.62987012987013	1	0.287878787878788	0.318181818181818	0.608225108225108	0.651515151515151
#214769	#214769	0.303030303030303	0.62987012987013	1	0.287878787878788	0.318181818181818	0.608225108225108	0.651515151515151
#234B6E	#234B6E	0.303030303030303	0.62987012987013	1	0.287878787878788	0.318181818181818	0.608225108225108	0.651515151515151
#254F73	#254F73	0.333333333333333	0.62987012987013	1	0.318181818181818	0.348484848484849	0.608225108225108	0.651515151515151
#275278	#275278	0.333333333333333	0.62987012987013	1	0.318181818181818	0.348484848484849	0.608225108225108	0.651515151515151
#275278	#275278	0.333333333333333	0.62987012987013	1	0.318181818181818	0.348484848484849	0.608225108225108	0.651515151515151
#275278	#275278	0.363636363636364	0.62987012987013	1	0.348484848484849	0.378787878787879	0.608225108225108	0.651515151515151
#254F73	#254F73	0.363636363636364	0.62987012987013	1	0.348484848484849	0.378787878787879	0.608225108225108	0.651515151515151
#234B6E	#234B6E	0.363636363636364	0.62987012987013	1	0.348484848484849	0.378787878787879	0.608225108225108	0.651515151515151
#234B6E	#234B6E	0.393939393939394	0.62987012987013	1	0.378787878787879	0.409090909090909	0.608225108225108	0.651515151515151
#234B6E	#234B6E	0.393939393939394	0.62987012987013	1	0.378787878787879	0.409090909090909	0.608225108225108	0.651515151515151
#234B6E	#234B6E	0.393939393939394	0.62987012987013	1	0.378787878787879	0.409090909090909	0.608225108225108	0.651515151515151
#275278	#275278	0.424242424242424	0.62987012987013	1	0.409090909090909	0.439393939393939	0.608225108225108	0.651515151515151
#275278	#275278	0.424242424242424	0.62987012987013	1	0.409090909090909	0.439393939393939	0.608225108225108	0.651515151515151
#28567D	#28567D	0.424242424242424	0.62987012987013	1	0.409090909090909	0.439393939393939	0.608225108225108	0.651515151515151
#2A5A82	#2A5A82	0.454545454545455	0.62987012987013	1	0.439393939393939	0.46969696969697	0.608225108225108	0.651515151515151
#2C5E88	#2C5E88	0.454545454545455	0.62987012987013	1	0.439393939393939	0.46969696969697	0.608225108225108	0.651515151515151
#2C5E88	#2C5E88	0.454545454545455	0.62987012987013	1	0.439393939393939	0.46969696969697	0.608225108225108	0.651515151515151
#2E628D	#2E628D	0.484848484848485	0.62987012987013	1	0.46969696969697	0.5	0.608225108225108	0.651515151515151
#306692	#306692	0.484848484848485	0.62987012987013	1	0.46969696969697	0.5	0.608225108225108	0.651515151515151
#346E9D	#346E9D	0.484848484848485	0.62987012987013	1	0.46969696969697	0.5	0.608225108225108	0.651515151515151
#3672A2	#3672A2	0.515151515151515	0.62987012987013	1	0.5	0.53030303030303	0.608225108225108	0.651515151515151
#3672A2	#3672A2	0.515151515151515	0.62987012987013	1	0.5	0.53030303030303	0.608225108225108	0.651515151515151
#3672A2	#3672A2	0.515151515151515	0.62987012987013	1	0.5	0.53030303030303	0.608225108225108	0.651515151515151
#3672A2	#3672A2	0.545454545454545	0.62987012987013	1	0.53030303030303	0.560606060606061	0.608225108225108	0.651515151515151
#3672A2	#3672A2	0.545454545454545	0.62987012987013	1	0.53030303030303	0.560606060606061	0.608225108225108	0.651515151515151
#346E9D	#346E9D	0.545454545454545	0.62987012987013	1	0.53030303030303	0.560606060606061	0.608225108225108	0.651515151515151
#346E9D	#346E9D	0.575757575757576	0.62987012987013	1	0.560606060606061	0.590909090909091	0.608225108225108	0.651515151515151
#346E9D	#346E9D	0.575757575757576	0.62987012987013	1	0.560606060606061	0.590909090909091	0.608225108225108	0.651515151515151
#346E9D	#346E9D	0.575757575757576	0.62987012987013	1	0.560606060606061	0.590909090909091	0.608225108225108	0.651515151515151
#346E9D	#346E9D	0.606060606060606	0.62987012987013	1	0.590909090909091	0.621212121212121	0.608225108225108	0.651515151515151
#3672A2	#3672A2	0.606060606060606	0.62987012987013	1	0.590909090909091	0.621212121212121	0.608225108225108	0.651515151515151
#3672A2	#3672A2	0.606060606060606	0.62987012987013	1	0.590909090909091	0.621212121212121	0.608225108225108	0.651515151515151
#3672A2	#3672A2	0.636363636363636	0.62987012987013	1	0.621212121212121	0.651515151515151	0.608225108225108	0.651515151515151
#3672A2	#3672A2	0.636363636363636	0.62987012987013	1	0.621212121212121	0.651515151515151	0.608225108225108	0.651515151515151
#3672A2	#3672A2	0.636363636363636	0.62987012987013	1	0.621212121212121	0.651515151515151	0.608225108225108	0.651515151515151
#3672A2	#3672A2	0.666666666666667	0.62987012987013	1	0.651515151515151	0.681818181818182	0.608225108225108	0.651515151515151
#3672A2	#3672A2	0.666666666666667	0.62987012987013	1	0.651515151515151	0.681818181818182	0.608225108225108	0.651515151515151
#3876A8	#3876A8	0.666666666666667	0.62987012987013	1	0.651515151515151	0.681818181818182	0.608225108225108	0.651515151515151
#3A7AAD	#3A7AAD	0.696969696969697	0.62987012987013	1	0.681818181818182	0.712121212121212	0.608225108225108	0.651515151515151
#3C7EB3	#3C7EB3	0.696969696969697	0.62987012987013	1	0.681818181818182	0.712121212121212	0.608225108225108	0.651515151515151
#3E82B8	#3E82B8	0.696969696969697	0.62987012987013	1	0.681818181818182	0.712121212121212	0.608225108225108	0.651515151515151
#4086BE	#4086BE	0.727272727272727	0.62987012987013	1	0.712121212121212	0.742424242424242	0.608225108225108	0.651515151515151
#438AC3	#438AC3	0.727272727272727	0.62987012987013	1	0.712121212121212	0.742424242424242	0.608225108225108	0.651515151515151
#458EC9	#458EC9	0.727272727272727	0.62987012987013	1	0.712121212121212	0.742424242424242	0.608225108225108	0.651515151515151
#4793CE	#4793CE	0.757575757575758	0.62987012987013	1	0.742424242424242	0.772727272727273	0.608225108225108	0.651515151515151
#4793CE	#4793CE	0.757575757575758	0.62987012987013	1	0.742424242424242	0.772727272727273	0.608225108225108	0.651515151515151
#4997D4	#4997D4	0.757575757575758	0.62987012987013	1	0.742424242424242	0.772727272727273	0.608225108225108	0.651515151515151
#4B9BD9	#4B9BD9	0.787878787878788	0.62987012987013	1	0.772727272727273	0.803030303030303	0.608225108225108	0.651515151515151
#4B9BD9	#4B9BD9	0.787878787878788	0.62987012987013	1	0.772727272727273	0.803030303030303	0.608225108225108	0.651515151515151
#4B9BD9	#4B9BD9	0.787878787878788	0.62987012987013	1	0.772727272727273	0.803030303030303	0.608225108225108	0.651515151515151
#4B9BD9	#4B9BD9	0.818181818181818	0.62987012987013	1	0.803030303030303	0.833333333333333	0.608225108225108	0.651515151515151
#4D9FDF	#4D9FDF	0.818181818181818	0.62987012987013	1	0.803030303030303	0.833333333333333	0.608225108225108	0.651515151515151
#4D9FDF	#4D9FDF	0.818181818181818	0.62987012987013	1	0.803030303030303	0.833333333333333	0.608225108225108	0.651515151515151
#51A8EB	#51A8EB	0.848484848484849	0.62987012987013	1	0.833333333333333	0.863636363636364	0.608225108225108	0.651515151515151
#51A8EB	#51A8EB	0.848484848484849	0.62987012987013	1	0.833333333333333	0.863636363636364	0.608225108225108	0.651515151515151
#51A8EB	#51A8EB	0.848484848484849	0.62987012987013	1	0.833333333333333	0.863636363636364	0.608225108225108	0.651515151515151
#51A8EB	#51A8EB	0.878787878787879	0.62987012987013	1	0.863636363636364	0.893939393939394	0.608225108225108	0.651515151515151
#51A8EB	#51A8EB	0.878787878787879	0.62987012987013	1	0.863636363636364	0.893939393939394	0.608225108225108	0.651515151515151
#51A8EB	#51A8EB	0.878787878787879	0.62987012987013	1	0.863636363636364	0.893939393939394	0.608225108225108	0.651515151515151
#53ACF1	#53ACF1	0.909090909090909	0.62987012987013	1	0.893939393939394	0.924242424242424	0.608225108225108	0.651515151515151
#53ACF1	#53ACF1	0.909090909090909	0.62987012987013	1	0.893939393939394	0.924242424242424	0.608225108225108	0.651515151515151
#53ACF1	#53ACF1	0.909090909090909	0.62987012987013	1	0.893939393939394	0.924242424242424	0.608225108225108	0.651515151515151
#53ACF1	#53ACF1	0.939393939393939	0.62987012987013	1	0.924242424242424	0.954545454545455	0.608225108225108	0.651515151515151
#4B9BD9	#4B9BD9	0.0606060606060606	0.62987012987013	1	0.0454545454545455	0.0757575757575758	0.608225108225108	0.651515151515151
#4997D4	#4997D4	0.0606060606060606	0.62987012987013	1	0.0454545454545455	0.0757575757575758	0.608225108225108	0.651515151515151
#458EC9	#458EC9	0.0909090909090909	0.62987012987013	1	0.0757575757575758	0.106060606060606	0.608225108225108	0.651515151515151
#4086BE	#4086BE	0.0909090909090909	0.62987012987013	1	0.0757575757575758	0.106060606060606	0.608225108225108	0.651515151515151
#3C7EB3	#3C7EB3	0.0909090909090909	0.62987012987013	1	0.0757575757575758	0.106060606060606	0.608225108225108	0.651515151515151
#3876A8	#3876A8	0.121212121212121	0.62987012987013	1	0.106060606060606	0.136363636363636	0.608225108225108	0.651515151515151
#3672A2	#3672A2	0.121212121212121	0.62987012987013	1	0.106060606060606	0.136363636363636	0.608225108225108	0.651515151515151
#346E9D	#346E9D	0.121212121212121	0.62987012987013	1	0.106060606060606	0.136363636363636	0.608225108225108	0.651515151515151
#326A97	#326A97	0.151515151515152	0.62987012987013	1	0.136363636363636	0.166666666666667	0.608225108225108	0.651515151515151
#306692	#306692	0.151515151515152	0.62987012987013	1	0.136363636363636	0.166666666666667	0.608225108225108	0.651515151515151
#2E628D	#2E628D	0.151515151515152	0.62987012987013	1	0.136363636363636	0.166666666666667	0.608225108225108	0.651515151515151
#2A5A82	#2A5A82	0.181818181818182	0.62987012987013	1	0.166666666666667	0.196969696969697	0.608225108225108	0.651515151515151
#275278	#275278	0.181818181818182	0.62987012987013	1	0.166666666666667	0.196969696969697	0.608225108225108	0.651515151515151
#234B6E	#234B6E	0.181818181818182	0.62987012987013	1	0.166666666666667	0.196969696969697	0.608225108225108	0.651515151515151
#214769	#214769	0.212121212121212	0.62987012987013	1	0.196969696969697	0.227272727272727	0.608225108225108	0.651515151515151
#1F4364	#1F4364	0.212121212121212	0.62987012987013	1	0.196969696969697	0.227272727272727	0.608225108225108	0.651515151515151
#1D405F	#1D405F	0.212121212121212	0.62987012987013	1	0.196969696969697	0.227272727272727	0.608225108225108	0.651515151515151
#1A3955	#1A3955	0.242424242424242	0.62987012987013	1	0.227272727272727	0.257575757575758	0.608225108225108	0.651515151515151
#183551	#183551	0.242424242424242	0.62987012987013	1	0.227272727272727	0.257575757575758	0.608225108225108	0.651515151515151
#16314C	#16314C	0.242424242424242	0.62987012987013	1	0.227272727272727	0.257575757575758	0.608225108225108	0.651515151515151
#16314C	#16314C	0.272727272727273	0.62987012987013	1	0.257575757575758	0.287878787878788	0.608225108225108	0.651515151515151
#183551	#183551	0.272727272727273	0.62987012987013	1	0.257575757575758	0.287878787878788	0.608225108225108	0.651515151515151
#1B3C5A	#1B3C5A	0.272727272727273	0.62987012987013	1	0.257575757575758	0.287878787878788	0.608225108225108	0.651515151515151
#1D405F	#1D405F	0.303030303030303	0.62987012987013	1	0.287878787878788	0.318181818181818	0.608225108225108	0.651515151515151
#1F4364	#1F4364	0.303030303030303	0.62987012987013	1	0.287878787878788	0.318181818181818	0.608225108225108	0.651515151515151
#214769	#214769	0.303030303030303	0.62987012987013	1	0.287878787878788	0.318181818181818	0.608225108225108	0.651515151515151
#234B6E	#234B6E	0.333333333333333	0.62987012987013	1	0.318181818181818	0.348484848484849	0.608225108225108	0.651515151515151
#234B6E	#234B6E	0.333333333333333	0.62987012987013	1	0.318181818181818	0.348484848484849	0.608225108225108	0.651515151515151
#234B6E	#234B6E	0.333333333333333	0.62987012987013	1	0.318181818181818	0.348484848484849	0.608225108225108	0.651515151515151
#234B6E	#234B6E	0.363636363636364	0.62987012987013	1	0.348484848484849	0.378787878787879	0.608225108225108	0.651515151515151
#214769	#214769	0.363636363636364	0.62987012987013	1	0.348484848484849	0.378787878787879	0.608225108225108	0.651515151515151
#214769	#214769	0.363636363636364	0.62987012987013	1	0.348484848484849	0.378787878787879	0.608225108225108	0.651515151515151
#234B6E	#234B6E	0.393939393939394	0.62987012987013	1	0.378787878787879	0.409090909090909	0.608225108225108	0.651515151515151
#234B6E	#234B6E	0.393939393939394	0.62987012987013	1	0.378787878787879	0.409090909090909	0.608225108225108	0.651515151515151
#254F73	#254F73	0.393939393939394	0.62987012987013	1	0.378787878787879	0.409090909090909	0.608225108225108	0.651515151515151
#275278	#275278	0.424242424242424	0.62987012987013	1	0.409090909090909	0.439393939393939	0.608225108225108	0.651515151515151
#28567D	#28567D	0.424242424242424	0.62987012987013	1	0.409090909090909	0.439393939393939	0.608225108225108	0.651515151515151
#2A5A82	#2A5A82	0.424242424242424	0.62987012987013	1	0.409090909090909	0.439393939393939	0.608225108225108	0.651515151515151
#2C5E88	#2C5E88	0.454545454545455	0.62987012987013	1	0.439393939393939	0.46969696969697	0.608225108225108	0.651515151515151
#2E628D	#2E628D	0.454545454545455	0.62987012987013	1	0.439393939393939	0.46969696969697	0.608225108225108	0.651515151515151
#306692	#306692	0.454545454545455	0.62987012987013	1	0.439393939393939	0.46969696969697	0.608225108225108	0.651515151515151
#306692	#306692	0.484848484848485	0.62987012987013	1	0.46969696969697	0.5	0.608225108225108	0.651515151515151
#326A97	#326A97	0.484848484848485	0.62987012987013	1	0.46969696969697	0.5	0.608225108225108	0.651515151515151
#3672A2	#3672A2	0.484848484848485	0.62987012987013	1	0.46969696969697	0.5	0.608225108225108	0.651515151515151
#3876A8	#3876A8	0.515151515151515	0.62987012987013	1	0.5	0.53030303030303	0.608225108225108	0.651515151515151
#3876A8	#3876A8	0.515151515151515	0.62987012987013	1	0.5	0.53030303030303	0.608225108225108	0.651515151515151
#3876A8	#3876A8	0.515151515151515	0.62987012987013	1	0.5	0.53030303030303	0.608225108225108	0.651515151515151
#3876A8	#3876A8	0.545454545454545	0.62987012987013	1	0.53030303030303	0.560606060606061	0.608225108225108	0.651515151515151
#3672A2	#3672A2	0.545454545454545	0.62987012987013	1	0.53030303030303	0.560606060606061	0.608225108225108	0.651515151515151
#3672A2	#3672A2	0.545454545454545	0.62987012987013	1	0.53030303030303	0.560606060606061	0.608225108225108	0.651515151515151
#3672A2	#3672A2	0.575757575757576	0.62987012987013	1	0.560606060606061	0.590909090909091	0.608225108225108	0.651515151515151
#3672A2	#3672A2	0.575757575757576	0.62987012987013	1	0.560606060606061	0.590909090909091	0.608225108225108	0.651515151515151
#346E9D	#346E9D	0.575757575757576	0.62987012987013	1	0.560606060606061	0.590909090909091	0.608225108225108	0.651515151515151
#3672A2	#3672A2	0.606060606060606	0.62987012987013	1	0.590909090909091	0.621212121212121	0.608225108225108	0.651515151515151
#3672A2	#3672A2	0.606060606060606	0.62987012987013	1	0.590909090909091	0.621212121212121	0.608225108225108	0.651515151515151
#3672A2	#3672A2	0.606060606060606	0.62987012987013	1	0.590909090909091	0.621212121212121	0.608225108225108	0.651515151515151
#3672A2	#3672A2	0.636363636363636	0.62987012987013	1	0.621212121212121	0.651515151515151	0.608225108225108	0.651515151515151
#3672A2	#3672A2	0.636363636363636	0.62987012987013	1	0.621212121212121	0.651515151515151	0.608225108225108	0.651515151515151
#3672A2	#3672A2	0.636363636363636	0.62987012987013	1	0.621212121212121	0.651515151515151	0.608225108225108	0.651515151515151
#3672A2	#3672A2	0.666666666666667	0.62987012987013	1	0.651515151515151	0.681818181818182	0.608225108225108	0.651515151515151
#3672A2	#3672A2	0.666666666666667	0.62987012987013	1	0.651515151515151	0.681818181818182	0.608225108225108	0.651515151515151
#3672A2	#3672A2	0.666666666666667	0.62987012987013	1	0.651515151515151	0.681818181818182	0.608225108225108	0.651515151515151
#3A7AAD	#3A7AAD	0.696969696969697	0.62987012987013	1	0.681818181818182	0.712121212121212	0.608225108225108	0.651515151515151
#3C7EB3	#3C7EB3	0.696969696969697	0.62987012987013	1	0.681818181818182	0.712121212121212	0.608225108225108	0.651515151515151
#3E82B8	#3E82B8	0.696969696969697	0.62987012987013	1	0.681818181818182	0.712121212121212	0.608225108225108	0.651515151515151
#4086BE	#4086BE	0.727272727272727	0.62987012987013	1	0.712121212121212	0.742424242424242	0.608225108225108	0.651515151515151
#438AC3	#438AC3	0.727272727272727	0.62987012987013	1	0.712121212121212	0.742424242424242	0.608225108225108	0.651515151515151
#458EC9	#458EC9	0.727272727272727	0.62987012987013	1	0.712121212121212	0.742424242424242	0.608225108225108	0.651515151515151
#4793CE	#4793CE	0.757575757575758	0.62987012987013	1	0.742424242424242	0.772727272727273	0.608225108225108	0.651515151515151
#4997D4	#4997D4	0.757575757575758	0.62987012987013	1	0.742424242424242	0.772727272727273	0.608225108225108	0.651515151515151
#4B9BD9	#4B9BD9	0.757575757575758	0.62987012987013	1	0.742424242424242	0.772727272727273	0.608225108225108	0.651515151515151
#4B9BD9	#4B9BD9	0.787878787878788	0.62987012987013	1	0.772727272727273	0.803030303030303	0.608225108225108	0.651515151515151
#4B9BD9	#4B9BD9	0.787878787878788	0.62987012987013	1	0.772727272727273	0.803030303030303	0.608225108225108	0.651515151515151
#4D9FDF	#4D9FDF	0.787878787878788	0.62987012987013	1	0.772727272727273	0.803030303030303	0.608225108225108	0.651515151515151
#4D9FDF	#4D9FDF	0.818181818181818	0.62987012987013	1	0.803030303030303	0.833333333333333	0.608225108225108	0.651515151515151
#4D9FDF	#4D9FDF	0.818181818181818	0.62987012987013	1	0.803030303030303	0.833333333333333	0.608225108225108	0.651515151515151
#51A8EB	#51A8EB	0.818181818181818	0.62987012987013	1	0.803030303030303	0.833333333333333	0.608225108225108	0.651515151515151
#51A8EB	#51A8EB	0.848484848484849	0.62987012987013	1	0.833333333333333	0.863636363636364	0.608225108225108	0.651515151515151
#51A8EB	#51A8EB	0.848484848484849	0.62987012987013	1	0.833333333333333	0.863636363636364	0.608225108225108	0.651515151515151
#51A8EB	#51A8EB	0.848484848484849	0.62987012987013	1	0.833333333333333	0.863636363636364	0.608225108225108	0.651515151515151
#51A8EB	#51A8EB	0.878787878787879	0.62987012987013	1	0.863636363636364	0.893939393939394	0.608225108225108	0.651515151515151
#51A8EB	#51A8EB	0.878787878787879	0.62987012987013	1	0.863636363636364	0.893939393939394	0.608225108225108	0.651515151515151
#53ACF1	#53ACF1	0.878787878787879	0.62987012987013	1	0.863636363636364	0.893939393939394	0.608225108225108	0.651515151515151
#53ACF1	#53ACF1	0.909090909090909	0.62987012987013	1	0.893939393939394	0.924242424242424	0.608225108225108	0.651515151515151
#53ACF1	#53ACF1	0.909090909090909	0.62987012987013	1	0.893939393939394	0.924242424242424	0.608225108225108	0.651515151515151
#53ACF1	#53ACF1	0.909090909090909	0.62987012987013	1	0.893939393939394	0.924242424242424	0.608225108225108	0.651515151515151
#53ACF1	#53ACF1	0.939393939393939	0.62987012987013	1	0.924242424242424	0.954545454545455	0.608225108225108	0.651515151515151
#4B9BD9	#4B9BD9	0.0606060606060606	0.62987012987013	1	0.0454545454545455	0.0757575757575758	0.608225108225108	0.651515151515151
#4B9BD9	#4B9BD9	0.0606060606060606	0.62987012987013	1	0.0454545454545455	0.0757575757575758	0.608225108225108	0.651515151515151
#4793CE	#4793CE	0.0909090909090909	0.62987012987013	1	0.0757575757575758	0.106060606060606	0.608225108225108	0.651515151515151
#438AC3	#438AC3	0.0909090909090909	0.62987012987013	1	0.0757575757575758	0.106060606060606	0.608225108225108	0.651515151515151
#3E82B8	#3E82B8	0.0909090909090909	0.62987012987013	1	0.0757575757575758	0.106060606060606	0.608225108225108	0.651515151515151
#3A7AAD	#3A7AAD	0.121212121212121	0.62987012987013	1	0.106060606060606	0.136363636363636	0.608225108225108	0.651515151515151
#3876A8	#3876A8	0.121212121212121	0.62987012987013	1	0.106060606060606	0.136363636363636	0.608225108225108	0.651515151515151
#346E9D	#346E9D	0.121212121212121	0.62987012987013	1	0.106060606060606	0.136363636363636	0.608225108225108	0.651515151515151
#346E9D	#346E9D	0.151515151515152	0.62987012987013	1	0.136363636363636	0.166666666666667	0.608225108225108	0.651515151515151
#326A97	#326A97	0.151515151515152	0.62987012987013	1	0.136363636363636	0.166666666666667	0.608225108225108	0.651515151515151
#306692	#306692	0.151515151515152	0.62987012987013	1	0.136363636363636	0.166666666666667	0.608225108225108	0.651515151515151
#2C5E88	#2C5E88	0.181818181818182	0.62987012987013	1	0.166666666666667	0.196969696969697	0.608225108225108	0.651515151515151
#28567D	#28567D	0.181818181818182	0.62987012987013	1	0.166666666666667	0.196969696969697	0.608225108225108	0.651515151515151
#254F73	#254F73	0.181818181818182	0.62987012987013	1	0.166666666666667	0.196969696969697	0.608225108225108	0.651515151515151
#234B6E	#234B6E	0.212121212121212	0.62987012987013	1	0.196969696969697	0.227272727272727	0.608225108225108	0.651515151515151
#214769	#214769	0.212121212121212	0.62987012987013	1	0.196969696969697	0.227272727272727	0.608225108225108	0.651515151515151
#1F4364	#1F4364	0.212121212121212	0.62987012987013	1	0.196969696969697	0.227272727272727	0.608225108225108	0.651515151515151
#1B3C5A	#1B3C5A	0.242424242424242	0.62987012987013	1	0.227272727272727	0.257575757575758	0.608225108225108	0.651515151515151
#1A3955	#1A3955	0.242424242424242	0.62987012987013	1	0.227272727272727	0.257575757575758	0.608225108225108	0.651515151515151
#183551	#183551	0.242424242424242	0.62987012987013	1	0.227272727272727	0.257575757575758	0.608225108225108	0.651515151515151
#16314C	#16314C	0.272727272727273	0.62987012987013	1	0.257575757575758	0.287878787878788	0.608225108225108	0.651515151515151
#183551	#183551	0.272727272727273	0.62987012987013	1	0.257575757575758	0.287878787878788	0.608225108225108	0.651515151515151
#1B3C5A	#1B3C5A	0.272727272727273	0.62987012987013	1	0.257575757575758	0.287878787878788	0.608225108225108	0.651515151515151
#1D405F	#1D405F	0.303030303030303	0.62987012987013	1	0.287878787878788	0.318181818181818	0.608225108225108	0.651515151515151
#1F4364	#1F4364	0.303030303030303	0.62987012987013	1	0.287878787878788	0.318181818181818	0.608225108225108	0.651515151515151
#1F4364	#1F4364	0.303030303030303	0.62987012987013	1	0.287878787878788	0.318181818181818	0.608225108225108	0.651515151515151
#1F4364	#1F4364	0.333333333333333	0.62987012987013	1	0.318181818181818	0.348484848484849	0.608225108225108	0.651515151515151
#214769	#214769	0.333333333333333	0.62987012987013	1	0.318181818181818	0.348484848484849	0.608225108225108	0.651515151515151
#1F4364	#1F4364	0.333333333333333	0.62987012987013	1	0.318181818181818	0.348484848484849	0.608225108225108	0.651515151515151
#214769	#214769	0.363636363636364	0.62987012987013	1	0.348484848484849	0.378787878787879	0.608225108225108	0.651515151515151
#1F4364	#1F4364	0.363636363636364	0.62987012987013	1	0.348484848484849	0.378787878787879	0.608225108225108	0.651515151515151
#1F4364	#1F4364	0.363636363636364	0.62987012987013	1	0.348484848484849	0.378787878787879	0.608225108225108	0.651515151515151
#214769	#214769	0.393939393939394	0.62987012987013	1	0.378787878787879	0.409090909090909	0.608225108225108	0.651515151515151
#214769	#214769	0.393939393939394	0.62987012987013	1	0.378787878787879	0.409090909090909	0.608225108225108	0.651515151515151
#234B6E	#234B6E	0.393939393939394	0.62987012987013	1	0.378787878787879	0.409090909090909	0.608225108225108	0.651515151515151
#28567D	#28567D	0.424242424242424	0.62987012987013	1	0.409090909090909	0.439393939393939	0.608225108225108	0.651515151515151
#2A5A82	#2A5A82	0.424242424242424	0.62987012987013	1	0.409090909090909	0.439393939393939	0.608225108225108	0.651515151515151
#2C5E88	#2C5E88	0.424242424242424	0.62987012987013	1	0.409090909090909	0.439393939393939	0.608225108225108	0.651515151515151
#2E628D	#2E628D	0.454545454545455	0.62987012987013	1	0.439393939393939	0.46969696969697	0.608225108225108	0.651515151515151
#306692	#306692	0.454545454545455	0.62987012987013	1	0.439393939393939	0.46969696969697	0.608225108225108	0.651515151515151
#326A97	#326A97	0.454545454545455	0.62987012987013	1	0.439393939393939	0.46969696969697	0.608225108225108	0.651515151515151
#346E9D	#346E9D	0.484848484848485	0.62987012987013	1	0.46969696969697	0.5	0.608225108225108	0.651515151515151
#346E9D	#346E9D	0.484848484848485	0.62987012987013	1	0.46969696969697	0.5	0.608225108225108	0.651515151515151
#3672A2	#3672A2	0.484848484848485	0.62987012987013	1	0.46969696969697	0.5	0.608225108225108	0.651515151515151
#3876A8	#3876A8	0.515151515151515	0.62987012987013	1	0.5	0.53030303030303	0.608225108225108	0.651515151515151
#3876A8	#3876A8	0.515151515151515	0.62987012987013	1	0.5	0.53030303030303	0.608225108225108	0.651515151515151
#3A7AAD	#3A7AAD	0.515151515151515	0.62987012987013	1	0.5	0.53030303030303	0.608225108225108	0.651515151515151
#3876A8	#3876A8	0.545454545454545	0.62987012987013	1	0.53030303030303	0.560606060606061	0.608225108225108	0.651515151515151
#3876A8	#3876A8	0.545454545454545	0.62987012987013	1	0.53030303030303	0.560606060606061	0.608225108225108	0.651515151515151
#3876A8	#3876A8	0.545454545454545	0.62987012987013	1	0.53030303030303	0.560606060606061	0.608225108225108	0.651515151515151
#3876A8	#3876A8	0.575757575757576	0.62987012987013	1	0.560606060606061	0.590909090909091	0.608225108225108	0.651515151515151
#3876A8	#3876A8	0.575757575757576	0.62987012987013	1	0.560606060606061	0.590909090909091	0.608225108225108	0.651515151515151
#3672A2	#3672A2	0.575757575757576	0.62987012987013	1	0.560606060606061	0.590909090909091	0.608225108225108	0.651515151515151
#3672A2	#3672A2	0.606060606060606	0.62987012987013	1	0.590909090909091	0.621212121212121	0.608225108225108	0.651515151515151
#3672A2	#3672A2	0.606060606060606	0.62987012987013	1	0.590909090909091	0.621212121212121	0.608225108225108	0.651515151515151
#3672A2	#3672A2	0.606060606060606	0.62987012987013	1	0.590909090909091	0.621212121212121	0.608225108225108	0.651515151515151
#3672A2	#3672A2	0.636363636363636	0.62987012987013	1	0.621212121212121	0.651515151515151	0.608225108225108	0.651515151515151
#3672A2	#3672A2	0.636363636363636	0.62987012987013	1	0.621212121212121	0.651515151515151	0.608225108225108	0.651515151515151
#3672A2	#3672A2	0.636363636363636	0.62987012987013	1	0.621212121212121	0.651515151515151	0.608225108225108	0.651515151515151
#3672A2	#3672A2	0.666666666666667	0.62987012987013	1	0.651515151515151	0.681818181818182	0.608225108225108	0.651515151515151
#3672A2	#3672A2	0.666666666666667	0.62987012987013	1	0.651515151515151	0.681818181818182	0.608225108225108	0.651515151515151
#3672A2	#3672A2	0.666666666666667	0.62987012987013	1	0.651515151515151	0.681818181818182	0.608225108225108	0.651515151515151
#3876A8	#3876A8	0.696969696969697	0.62987012987013	1	0.681818181818182	0.712121212121212	0.608225108225108	0.651515151515151
#3C7EB3	#3C7EB3	0.696969696969697	0.62987012987013	1	0.681818181818182	0.712121212121212	0.608225108225108	0.651515151515151
#3E82B8	#3E82B8	0.696969696969697	0.62987012987013	1	0.681818181818182	0.712121212121212	0.608225108225108	0.651515151515151
#4086BE	#4086BE	0.727272727272727	0.62987012987013	1	0.712121212121212	0.742424242424242	0.608225108225108	0.651515151515151
#438AC3	#438AC3	0.727272727272727	0.62987012987013	1	0.712121212121212	0.742424242424242	0.608225108225108	0.651515151515151
#458EC9	#458EC9	0.727272727272727	0.62987012987013	1	0.712121212121212	0.742424242424242	0.608225108225108	0.651515151515151
#4793CE	#4793CE	0.757575757575758	0.62987012987013	1	0.742424242424242	0.772727272727273	0.608225108225108	0.651515151515151
#4997D4	#4997D4	0.757575757575758	0.62987012987013	1	0.742424242424242	0.772727272727273	0.608225108225108	0.651515151515151
#4B9BD9	#4B9BD9	0.757575757575758	0.62987012987013	1	0.742424242424242	0.772727272727273	0.608225108225108	0.651515151515151
#4B9BD9	#4B9BD9	0.787878787878788	0.62987012987013	1	0.772727272727273	0.803030303030303	0.608225108225108	0.651515151515151
#4D9FDF	#4D9FDF	0.787878787878788	0.62987012987013	1	0.772727272727273	0.803030303030303	0.608225108225108	0.651515151515151
#4D9FDF	#4D9FDF	0.787878787878788	0.62987012987013	1	0.772727272727273	0.803030303030303	0.608225108225108	0.651515151515151
#4D9FDF	#4D9FDF	0.818181818181818	0.62987012987013	1	0.803030303030303	0.833333333333333	0.608225108225108	0.651515151515151
#51A8EB	#51A8EB	0.818181818181818	0.62987012987013	1	0.803030303030303	0.833333333333333	0.608225108225108	0.651515151515151
#51A8EB	#51A8EB	0.818181818181818	0.62987012987013	1	0.803030303030303	0.833333333333333	0.608225108225108	0.651515151515151
#51A8EB	#51A8EB	0.848484848484849	0.62987012987013	1	0.833333333333333	0.863636363636364	0.608225108225108	0.651515151515151
#51A8EB	#51A8EB	0.848484848484849	0.62987012987013	1	0.833333333333333	0.863636363636364	0.608225108225108	0.651515151515151
#51A8EB	#51A8EB	0.848484848484849	0.62987012987013	1	0.833333333333333	0.863636363636364	0.608225108225108	0.651515151515151
#53ACF1	#53ACF1	0.878787878787879	0.62987012987013	1	0.863636363636364	0.893939393939394	0.608225108225108	0.651515151515151
#53ACF1	#53ACF1	0.878787878787879	0.62987012987013	1	0.863636363636364	0.893939393939394	0.608225108225108	0.651515151515151
#53ACF1	#53ACF1	0.878787878787879	0.62987012987013	1	0.863636363636364	0.893939393939394	0.608225108225108	0.651515151515151
#53ACF1	#53ACF1	0.909090909090909	0.62987012987013	1	0.893939393939394	0.924242424242424	0.608225108225108	0.651515151515151
#53ACF1	#53ACF1	0.909090909090909	0.62987012987013	1	0.893939393939394	0.924242424242424	0.608225108225108	0.651515151515151
#53ACF1	#53ACF1	0.909090909090909	0.62987012987013	1	0.893939393939394	0.924242424242424	0.608225108225108	0.651515151515151
#53ACF1	#53ACF1	0.939393939393939	0.62987012987013	1	0.924242424242424	0.954545454545455	0.608225108225108	0.651515151515151
#4B9BD9	#4B9BD9	0.0606060606060606	0.673160173160173	1	0.0454545454545455	0.0757575757575758	0.651515151515151	0.694805194805195
#4B9BD9	#4B9BD9	0.0606060606060606	0.673160173160173	1	0.0454545454545455	0.0757575757575758	0.651515151515151	0.694805194805195
#4793CE	#4793CE	0.0909090909090909	0.673160173160173	1	0.0757575757575758	0.106060606060606	0.651515151515151	0.694805194805195
#438AC3	#438AC3	0.0909090909090909	0.673160173160173	1	0.0757575757575758	0.106060606060606	0.651515151515151	0.694805194805195
#3E82B8	#3E82B8	0.0909090909090909	0.673160173160173	1	0.0757575757575758	0.106060606060606	0.651515151515151	0.694805194805195
#3C7EB3	#3C7EB3	0.121212121212121	0.673160173160173	1	0.106060606060606	0.136363636363636	0.651515151515151	0.694805194805195
#3A7AAD	#3A7AAD	0.121212121212121	0.673160173160173	1	0.106060606060606	0.136363636363636	0.651515151515151	0.694805194805195
#3672A2	#3672A2	0.121212121212121	0.673160173160173	1	0.106060606060606	0.136363636363636	0.651515151515151	0.694805194805195
#346E9D	#346E9D	0.151515151515152	0.673160173160173	1	0.136363636363636	0.166666666666667	0.651515151515151	0.694805194805195
#326A97	#326A97	0.151515151515152	0.673160173160173	1	0.136363636363636	0.166666666666667	0.651515151515151	0.694805194805195
#326A97	#326A97	0.151515151515152	0.673160173160173	1	0.136363636363636	0.166666666666667	0.651515151515151	0.694805194805195
#2E628D	#2E628D	0.181818181818182	0.673160173160173	1	0.166666666666667	0.196969696969697	0.651515151515151	0.694805194805195
#2A5A82	#2A5A82	0.181818181818182	0.673160173160173	1	0.166666666666667	0.196969696969697	0.651515151515151	0.694805194805195
#28567D	#28567D	0.181818181818182	0.673160173160173	1	0.166666666666667	0.196969696969697	0.651515151515151	0.694805194805195
#275278	#275278	0.212121212121212	0.673160173160173	1	0.196969696969697	0.227272727272727	0.651515151515151	0.694805194805195
#234B6E	#234B6E	0.212121212121212	0.673160173160173	1	0.196969696969697	0.227272727272727	0.651515151515151	0.694805194805195
#214769	#214769	0.212121212121212	0.673160173160173	1	0.196969696969697	0.227272727272727	0.651515151515151	0.694805194805195
#1F4364	#1F4364	0.242424242424242	0.673160173160173	1	0.227272727272727	0.257575757575758	0.651515151515151	0.694805194805195
#1B3C5A	#1B3C5A	0.242424242424242	0.673160173160173	1	0.227272727272727	0.257575757575758	0.651515151515151	0.694805194805195
#1A3955	#1A3955	0.242424242424242	0.673160173160173	1	0.227272727272727	0.257575757575758	0.651515151515151	0.694805194805195
#183551	#183551	0.272727272727273	0.673160173160173	1	0.257575757575758	0.287878787878788	0.651515151515151	0.694805194805195
#183551	#183551	0.272727272727273	0.673160173160173	1	0.257575757575758	0.287878787878788	0.651515151515151	0.694805194805195
#1A3955	#1A3955	0.272727272727273	0.673160173160173	1	0.257575757575758	0.287878787878788	0.651515151515151	0.694805194805195
#1D405F	#1D405F	0.303030303030303	0.673160173160173	1	0.287878787878788	0.318181818181818	0.651515151515151	0.694805194805195
#1D405F	#1D405F	0.303030303030303	0.673160173160173	1	0.287878787878788	0.318181818181818	0.651515151515151	0.694805194805195
#1D405F	#1D405F	0.303030303030303	0.673160173160173	1	0.287878787878788	0.318181818181818	0.651515151515151	0.694805194805195
#1D405F	#1D405F	0.333333333333333	0.673160173160173	1	0.318181818181818	0.348484848484849	0.651515151515151	0.694805194805195
#1F4364	#1F4364	0.333333333333333	0.673160173160173	1	0.318181818181818	0.348484848484849	0.651515151515151	0.694805194805195
#1D405F	#1D405F	0.333333333333333	0.673160173160173	1	0.318181818181818	0.348484848484849	0.651515151515151	0.694805194805195
#1D405F	#1D405F	0.363636363636364	0.673160173160173	1	0.348484848484849	0.378787878787879	0.651515151515151	0.694805194805195
#1D405F	#1D405F	0.363636363636364	0.673160173160173	1	0.348484848484849	0.378787878787879	0.651515151515151	0.694805194805195
#1F4364	#1F4364	0.363636363636364	0.673160173160173	1	0.348484848484849	0.378787878787879	0.651515151515151	0.694805194805195
#1F4364	#1F4364	0.393939393939394	0.673160173160173	1	0.378787878787879	0.409090909090909	0.651515151515151	0.694805194805195
#214769	#214769	0.393939393939394	0.673160173160173	1	0.378787878787879	0.409090909090909	0.651515151515151	0.694805194805195
#234B6E	#234B6E	0.393939393939394	0.673160173160173	1	0.378787878787879	0.409090909090909	0.651515151515151	0.694805194805195
#275278	#275278	0.424242424242424	0.673160173160173	1	0.409090909090909	0.439393939393939	0.651515151515151	0.694805194805195
#2A5A82	#2A5A82	0.424242424242424	0.673160173160173	1	0.409090909090909	0.439393939393939	0.651515151515151	0.694805194805195
#2C5E88	#2C5E88	0.424242424242424	0.673160173160173	1	0.409090909090909	0.439393939393939	0.651515151515151	0.694805194805195
#306692	#306692	0.454545454545455	0.673160173160173	1	0.439393939393939	0.46969696969697	0.651515151515151	0.694805194805195
#326A97	#326A97	0.454545454545455	0.673160173160173	1	0.439393939393939	0.46969696969697	0.651515151515151	0.694805194805195
#346E9D	#346E9D	0.454545454545455	0.673160173160173	1	0.439393939393939	0.46969696969697	0.651515151515151	0.694805194805195
#3672A2	#3672A2	0.484848484848485	0.673160173160173	1	0.46969696969697	0.5	0.651515151515151	0.694805194805195
#3672A2	#3672A2	0.484848484848485	0.673160173160173	1	0.46969696969697	0.5	0.651515151515151	0.694805194805195
#3876A8	#3876A8	0.484848484848485	0.673160173160173	1	0.46969696969697	0.5	0.651515151515151	0.694805194805195
#3A7AAD	#3A7AAD	0.515151515151515	0.673160173160173	1	0.5	0.53030303030303	0.651515151515151	0.694805194805195
#3A7AAD	#3A7AAD	0.515151515151515	0.673160173160173	1	0.5	0.53030303030303	0.651515151515151	0.694805194805195
#3A7AAD	#3A7AAD	0.515151515151515	0.673160173160173	1	0.5	0.53030303030303	0.651515151515151	0.694805194805195
#3A7AAD	#3A7AAD	0.545454545454545	0.673160173160173	1	0.53030303030303	0.560606060606061	0.651515151515151	0.694805194805195
#3A7AAD	#3A7AAD	0.545454545454545	0.673160173160173	1	0.53030303030303	0.560606060606061	0.651515151515151	0.694805194805195
#3A7AAD	#3A7AAD	0.545454545454545	0.673160173160173	1	0.53030303030303	0.560606060606061	0.651515151515151	0.694805194805195
#3A7AAD	#3A7AAD	0.575757575757576	0.673160173160173	1	0.560606060606061	0.590909090909091	0.651515151515151	0.694805194805195
#3A7AAD	#3A7AAD	0.575757575757576	0.673160173160173	1	0.560606060606061	0.590909090909091	0.651515151515151	0.694805194805195
#3876A8	#3876A8	0.575757575757576	0.673160173160173	1	0.560606060606061	0.590909090909091	0.651515151515151	0.694805194805195
#3876A8	#3876A8	0.606060606060606	0.673160173160173	1	0.590909090909091	0.621212121212121	0.651515151515151	0.694805194805195
#3876A8	#3876A8	0.606060606060606	0.673160173160173	1	0.590909090909091	0.621212121212121	0.651515151515151	0.694805194805195
#3672A2	#3672A2	0.606060606060606	0.673160173160173	1	0.590909090909091	0.621212121212121	0.651515151515151	0.694805194805195
#3672A2	#3672A2	0.636363636363636	0.673160173160173	1	0.621212121212121	0.651515151515151	0.651515151515151	0.694805194805195
#3672A2	#3672A2	0.636363636363636	0.673160173160173	1	0.621212121212121	0.651515151515151	0.651515151515151	0.694805194805195
#3672A2	#3672A2	0.636363636363636	0.673160173160173	1	0.621212121212121	0.651515151515151	0.651515151515151	0.694805194805195
#3672A2	#3672A2	0.666666666666667	0.673160173160173	1	0.651515151515151	0.681818181818182	0.651515151515151	0.694805194805195
#3672A2	#3672A2	0.666666666666667	0.673160173160173	1	0.651515151515151	0.681818181818182	0.651515151515151	0.694805194805195
#3876A8	#3876A8	0.666666666666667	0.673160173160173	1	0.651515151515151	0.681818181818182	0.651515151515151	0.694805194805195
#3A7AAD	#3A7AAD	0.696969696969697	0.673160173160173	1	0.681818181818182	0.712121212121212	0.651515151515151	0.694805194805195
#3E82B8	#3E82B8	0.696969696969697	0.673160173160173	1	0.681818181818182	0.712121212121212	0.651515151515151	0.694805194805195
#4086BE	#4086BE	0.696969696969697	0.673160173160173	1	0.681818181818182	0.712121212121212	0.651515151515151	0.694805194805195
#438AC3	#438AC3	0.727272727272727	0.673160173160173	1	0.712121212121212	0.742424242424242	0.651515151515151	0.694805194805195
#458EC9	#458EC9	0.727272727272727	0.673160173160173	1	0.712121212121212	0.742424242424242	0.651515151515151	0.694805194805195
#4793CE	#4793CE	0.727272727272727	0.673160173160173	1	0.712121212121212	0.742424242424242	0.651515151515151	0.694805194805195
#4997D4	#4997D4	0.757575757575758	0.673160173160173	1	0.742424242424242	0.772727272727273	0.651515151515151	0.694805194805195
#4B9BD9	#4B9BD9	0.757575757575758	0.673160173160173	1	0.742424242424242	0.772727272727273	0.651515151515151	0.694805194805195
#4B9BD9	#4B9BD9	0.757575757575758	0.673160173160173	1	0.742424242424242	0.772727272727273	0.651515151515151	0.694805194805195
#4D9FDF	#4D9FDF	0.787878787878788	0.673160173160173	1	0.772727272727273	0.803030303030303	0.651515151515151	0.694805194805195
#4D9FDF	#4D9FDF	0.787878787878788	0.673160173160173	1	0.772727272727273	0.803030303030303	0.651515151515151	0.694805194805195
#4D9FDF	#4D9FDF	0.787878787878788	0.673160173160173	1	0.772727272727273	0.803030303030303	0.651515151515151	0.694805194805195
#51A8EB	#51A8EB	0.818181818181818	0.673160173160173	1	0.803030303030303	0.833333333333333	0.651515151515151	0.694805194805195
#51A8EB	#51A8EB	0.818181818181818	0.673160173160173	1	0.803030303030303	0.833333333333333	0.651515151515151	0.694805194805195
#51A8EB	#51A8EB	0.818181818181818	0.673160173160173	1	0.803030303030303	0.833333333333333	0.651515151515151	0.694805194805195
#53ACF1	#53ACF1	0.848484848484849	0.673160173160173	1	0.833333333333333	0.863636363636364	0.651515151515151	0.694805194805195
#53ACF1	#53ACF1	0.848484848484849	0.673160173160173	1	0.833333333333333	0.863636363636364	0.651515151515151	0.694805194805195
#53ACF1	#53ACF1	0.848484848484849	0.673160173160173	1	0.833333333333333	0.863636363636364	0.651515151515151	0.694805194805195
#53ACF1	#53ACF1	0.878787878787879	0.673160173160173	1	0.863636363636364	0.893939393939394	0.651515151515151	0.694805194805195
#53ACF1	#53ACF1	0.878787878787879	0.673160173160173	1	0.863636363636364	0.893939393939394	0.651515151515151	0.694805194805195
#53ACF1	#53ACF1	0.878787878787879	0.673160173160173	1	0.863636363636364	0.893939393939394	0.651515151515151	0.694805194805195
#53ACF1	#53ACF1	0.909090909090909	0.673160173160173	1	0.893939393939394	0.924242424242424	0.651515151515151	0.694805194805195
#53ACF1	#53ACF1	0.909090909090909	0.673160173160173	1	0.893939393939394	0.924242424242424	0.651515151515151	0.694805194805195
#53ACF1	#53ACF1	0.909090909090909	0.673160173160173	1	0.893939393939394	0.924242424242424	0.651515151515151	0.694805194805195
#53ACF1	#53ACF1	0.939393939393939	0.673160173160173	1	0.924242424242424	0.954545454545455	0.651515151515151	0.694805194805195
#4B9BD9	#4B9BD9	0.0606060606060606	0.673160173160173	1	0.0454545454545455	0.0757575757575758	0.651515151515151	0.694805194805195
#4B9BD9	#4B9BD9	0.0606060606060606	0.673160173160173	1	0.0454545454545455	0.0757575757575758	0.651515151515151	0.694805194805195
#4997D4	#4997D4	0.0909090909090909	0.673160173160173	1	0.0757575757575758	0.106060606060606	0.651515151515151	0.694805194805195
#458EC9	#458EC9	0.0909090909090909	0.673160173160173	1	0.0757575757575758	0.106060606060606	0.651515151515151	0.694805194805195
#438AC3	#438AC3	0.0909090909090909	0.673160173160173	1	0.0757575757575758	0.106060606060606	0.651515151515151	0.694805194805195
#3E82B8	#3E82B8	0.121212121212121	0.673160173160173	1	0.106060606060606	0.136363636363636	0.651515151515151	0.694805194805195
#3C7EB3	#3C7EB3	0.121212121212121	0.673160173160173	1	0.106060606060606	0.136363636363636	0.651515151515151	0.694805194805195
#3876A8	#3876A8	0.121212121212121	0.673160173160173	1	0.106060606060606	0.136363636363636	0.651515151515151	0.694805194805195
#3672A2	#3672A2	0.151515151515152	0.673160173160173	1	0.136363636363636	0.166666666666667	0.651515151515151	0.694805194805195
#346E9D	#346E9D	0.151515151515152	0.673160173160173	1	0.136363636363636	0.166666666666667	0.651515151515151	0.694805194805195
#326A97	#326A97	0.151515151515152	0.673160173160173	1	0.136363636363636	0.166666666666667	0.651515151515151	0.694805194805195
#306692	#306692	0.181818181818182	0.673160173160173	1	0.166666666666667	0.196969696969697	0.651515151515151	0.694805194805195
#2C5E88	#2C5E88	0.181818181818182	0.673160173160173	1	0.166666666666667	0.196969696969697	0.651515151515151	0.694805194805195
#2A5A82	#2A5A82	0.181818181818182	0.673160173160173	1	0.166666666666667	0.196969696969697	0.651515151515151	0.694805194805195
#28567D	#28567D	0.212121212121212	0.673160173160173	1	0.196969696969697	0.227272727272727	0.651515151515151	0.694805194805195
#254F73	#254F73	0.212121212121212	0.673160173160173	1	0.196969696969697	0.227272727272727	0.651515151515151	0.694805194805195
#234B6E	#234B6E	0.212121212121212	0.673160173160173	1	0.196969696969697	0.227272727272727	0.651515151515151	0.694805194805195
#214769	#214769	0.242424242424242	0.673160173160173	1	0.227272727272727	0.257575757575758	0.651515151515151	0.694805194805195
#1D405F	#1D405F	0.242424242424242	0.673160173160173	1	0.227272727272727	0.257575757575758	0.651515151515151	0.694805194805195
#1B3C5A	#1B3C5A	0.242424242424242	0.673160173160173	1	0.227272727272727	0.257575757575758	0.651515151515151	0.694805194805195
#1A3955	#1A3955	0.272727272727273	0.673160173160173	1	0.257575757575758	0.287878787878788	0.651515151515151	0.694805194805195
#1A3955	#1A3955	0.272727272727273	0.673160173160173	1	0.257575757575758	0.287878787878788	0.651515151515151	0.694805194805195
#1B3C5A	#1B3C5A	0.272727272727273	0.673160173160173	1	0.257575757575758	0.287878787878788	0.651515151515151	0.694805194805195
#1B3C5A	#1B3C5A	0.303030303030303	0.673160173160173	1	0.287878787878788	0.318181818181818	0.651515151515151	0.694805194805195
#1B3C5A	#1B3C5A	0.303030303030303	0.673160173160173	1	0.287878787878788	0.318181818181818	0.651515151515151	0.694805194805195
#1D405F	#1D405F	0.303030303030303	0.673160173160173	1	0.287878787878788	0.318181818181818	0.651515151515151	0.694805194805195
#1D405F	#1D405F	0.333333333333333	0.673160173160173	1	0.318181818181818	0.348484848484849	0.651515151515151	0.694805194805195
#1D405F	#1D405F	0.333333333333333	0.673160173160173	1	0.318181818181818	0.348484848484849	0.651515151515151	0.694805194805195
#1B3C5A	#1B3C5A	0.333333333333333	0.673160173160173	1	0.318181818181818	0.348484848484849	0.651515151515151	0.694805194805195
#1D405F	#1D405F	0.363636363636364	0.673160173160173	1	0.348484848484849	0.378787878787879	0.651515151515151	0.694805194805195
#1D405F	#1D405F	0.363636363636364	0.673160173160173	1	0.348484848484849	0.378787878787879	0.651515151515151	0.694805194805195
#1D405F	#1D405F	0.363636363636364	0.673160173160173	1	0.348484848484849	0.378787878787879	0.651515151515151	0.694805194805195
#1F4364	#1F4364	0.393939393939394	0.673160173160173	1	0.378787878787879	0.409090909090909	0.651515151515151	0.694805194805195
#214769	#214769	0.393939393939394	0.673160173160173	1	0.378787878787879	0.409090909090909	0.651515151515151	0.694805194805195
#234B6E	#234B6E	0.393939393939394	0.673160173160173	1	0.378787878787879	0.409090909090909	0.651515151515151	0.694805194805195
#275278	#275278	0.424242424242424	0.673160173160173	1	0.409090909090909	0.439393939393939	0.651515151515151	0.694805194805195
#2A5A82	#2A5A82	0.424242424242424	0.673160173160173	1	0.409090909090909	0.439393939393939	0.651515151515151	0.694805194805195
#2E628D	#2E628D	0.424242424242424	0.673160173160173	1	0.409090909090909	0.439393939393939	0.651515151515151	0.694805194805195
#306692	#306692	0.454545454545455	0.673160173160173	1	0.439393939393939	0.46969696969697	0.651515151515151	0.694805194805195
#346E9D	#346E9D	0.454545454545455	0.673160173160173	1	0.439393939393939	0.46969696969697	0.651515151515151	0.694805194805195
#3672A2	#3672A2	0.454545454545455	0.673160173160173	1	0.439393939393939	0.46969696969697	0.651515151515151	0.694805194805195
#3876A8	#3876A8	0.484848484848485	0.673160173160173	1	0.46969696969697	0.5	0.651515151515151	0.694805194805195
#3876A8	#3876A8	0.484848484848485	0.673160173160173	1	0.46969696969697	0.5	0.651515151515151	0.694805194805195
#3A7AAD	#3A7AAD	0.484848484848485	0.673160173160173	1	0.46969696969697	0.5	0.651515151515151	0.694805194805195
#3C7EB3	#3C7EB3	0.515151515151515	0.673160173160173	1	0.5	0.53030303030303	0.651515151515151	0.694805194805195
#3C7EB3	#3C7EB3	0.515151515151515	0.673160173160173	1	0.5	0.53030303030303	0.651515151515151	0.694805194805195
#3C7EB3	#3C7EB3	0.515151515151515	0.673160173160173	1	0.5	0.53030303030303	0.651515151515151	0.694805194805195
#3C7EB3	#3C7EB3	0.545454545454545	0.673160173160173	1	0.53030303030303	0.560606060606061	0.651515151515151	0.694805194805195
#3A7AAD	#3A7AAD	0.545454545454545	0.673160173160173	1	0.53030303030303	0.560606060606061	0.651515151515151	0.694805194805195
#3A7AAD	#3A7AAD	0.545454545454545	0.673160173160173	1	0.53030303030303	0.560606060606061	0.651515151515151	0.694805194805195
#3A7AAD	#3A7AAD	0.575757575757576	0.673160173160173	1	0.560606060606061	0.590909090909091	0.651515151515151	0.694805194805195
#3C7EB3	#3C7EB3	0.575757575757576	0.673160173160173	1	0.560606060606061	0.590909090909091	0.651515151515151	0.694805194805195
#3A7AAD	#3A7AAD	0.575757575757576	0.673160173160173	1	0.560606060606061	0.590909090909091	0.651515151515151	0.694805194805195
#3A7AAD	#3A7AAD	0.606060606060606	0.673160173160173	1	0.590909090909091	0.621212121212121	0.651515151515151	0.694805194805195
#3A7AAD	#3A7AAD	0.606060606060606	0.673160173160173	1	0.590909090909091	0.621212121212121	0.651515151515151	0.694805194805195
#3A7AAD	#3A7AAD	0.606060606060606	0.673160173160173	1	0.590909090909091	0.621212121212121	0.651515151515151	0.694805194805195
#3876A8	#3876A8	0.636363636363636	0.673160173160173	1	0.621212121212121	0.651515151515151	0.651515151515151	0.694805194805195
#3876A8	#3876A8	0.636363636363636	0.673160173160173	1	0.621212121212121	0.651515151515151	0.651515151515151	0.694805194805195
#3876A8	#3876A8	0.636363636363636	0.673160173160173	1	0.621212121212121	0.651515151515151	0.651515151515151	0.694805194805195
#3876A8	#3876A8	0.666666666666667	0.673160173160173	1	0.651515151515151	0.681818181818182	0.651515151515151	0.694805194805195
#3876A8	#3876A8	0.666666666666667	0.673160173160173	1	0.651515151515151	0.681818181818182	0.651515151515151	0.694805194805195
#3A7AAD	#3A7AAD	0.666666666666667	0.673160173160173	1	0.651515151515151	0.681818181818182	0.651515151515151	0.694805194805195
#3C7EB3	#3C7EB3	0.696969696969697	0.673160173160173	1	0.681818181818182	0.712121212121212	0.651515151515151	0.694805194805195
#4086BE	#4086BE	0.696969696969697	0.673160173160173	1	0.681818181818182	0.712121212121212	0.651515151515151	0.694805194805195
#438AC3	#438AC3	0.696969696969697	0.673160173160173	1	0.681818181818182	0.712121212121212	0.651515151515151	0.694805194805195
#458EC9	#458EC9	0.727272727272727	0.673160173160173	1	0.712121212121212	0.742424242424242	0.651515151515151	0.694805194805195
#4793CE	#4793CE	0.727272727272727	0.673160173160173	1	0.712121212121212	0.742424242424242	0.651515151515151	0.694805194805195
#4793CE	#4793CE	0.727272727272727	0.673160173160173	1	0.712121212121212	0.742424242424242	0.651515151515151	0.694805194805195
#4997D4	#4997D4	0.757575757575758	0.673160173160173	1	0.742424242424242	0.772727272727273	0.651515151515151	0.694805194805195
#4B9BD9	#4B9BD9	0.757575757575758	0.673160173160173	1	0.742424242424242	0.772727272727273	0.651515151515151	0.694805194805195
#4D9FDF	#4D9FDF	0.757575757575758	0.673160173160173	1	0.742424242424242	0.772727272727273	0.651515151515151	0.694805194805195
#4D9FDF	#4D9FDF	0.787878787878788	0.673160173160173	1	0.772727272727273	0.803030303030303	0.651515151515151	0.694805194805195
#4D9FDF	#4D9FDF	0.787878787878788	0.673160173160173	1	0.772727272727273	0.803030303030303	0.651515151515151	0.694805194805195
#51A8EB	#51A8EB	0.787878787878788	0.673160173160173	1	0.772727272727273	0.803030303030303	0.651515151515151	0.694805194805195
#51A8EB	#51A8EB	0.818181818181818	0.673160173160173	1	0.803030303030303	0.833333333333333	0.651515151515151	0.694805194805195
#51A8EB	#51A8EB	0.818181818181818	0.673160173160173	1	0.803030303030303	0.833333333333333	0.651515151515151	0.694805194805195
#53ACF1	#53ACF1	0.818181818181818	0.673160173160173	1	0.803030303030303	0.833333333333333	0.651515151515151	0.694805194805195
#53ACF1	#53ACF1	0.848484848484849	0.673160173160173	1	0.833333333333333	0.863636363636364	0.651515151515151	0.694805194805195
#53ACF1	#53ACF1	0.848484848484849	0.673160173160173	1	0.833333333333333	0.863636363636364	0.651515151515151	0.694805194805195
#53ACF1	#53ACF1	0.848484848484849	0.673160173160173	1	0.833333333333333	0.863636363636364	0.651515151515151	0.694805194805195
#53ACF1	#53ACF1	0.878787878787879	0.673160173160173	1	0.863636363636364	0.893939393939394	0.651515151515151	0.694805194805195
#53ACF1	#53ACF1	0.878787878787879	0.673160173160173	1	0.863636363636364	0.893939393939394	0.651515151515151	0.694805194805195
#53ACF1	#53ACF1	0.878787878787879	0.673160173160173	1	0.863636363636364	0.893939393939394	0.651515151515151	0.694805194805195
#53ACF1	#53ACF1	0.909090909090909	0.673160173160173	1	0.893939393939394	0.924242424242424	0.651515151515151	0.694805194805195
#53ACF1	#53ACF1	0.909090909090909	0.673160173160173	1	0.893939393939394	0.924242424242424	0.651515151515151	0.694805194805195
#53ACF1	#53ACF1	0.909090909090909	0.673160173160173	1	0.893939393939394	0.924242424242424	0.651515151515151	0.694805194805195
#53ACF1	#53ACF1	0.939393939393939	0.673160173160173	1	0.924242424242424	0.954545454545455	0.651515151515151	0.694805194805195
#4D9FDF	#4D9FDF	0.0606060606060606	0.673160173160173	1	0.0454545454545455	0.0757575757575758	0.651515151515151	0.694805194805195
#4B9BD9	#4B9BD9	0.0606060606060606	0.673160173160173	1	0.0454545454545455	0.0757575757575758	0.651515151515151	0.694805194805195
#4997D4	#4997D4	0.0909090909090909	0.673160173160173	1	0.0757575757575758	0.106060606060606	0.651515151515151	0.694805194805195
#4793CE	#4793CE	0.0909090909090909	0.673160173160173	1	0.0757575757575758	0.106060606060606	0.651515151515151	0.694805194805195
#458EC9	#458EC9	0.0909090909090909	0.673160173160173	1	0.0757575757575758	0.106060606060606	0.651515151515151	0.694805194805195
#438AC3	#438AC3	0.121212121212121	0.673160173160173	1	0.106060606060606	0.136363636363636	0.651515151515151	0.694805194805195
#4086BE	#4086BE	0.121212121212121	0.673160173160173	1	0.106060606060606	0.136363636363636	0.651515151515151	0.694805194805195
#3C7EB3	#3C7EB3	0.121212121212121	0.673160173160173	1	0.106060606060606	0.136363636363636	0.651515151515151	0.694805194805195
#3876A8	#3876A8	0.151515151515152	0.673160173160173	1	0.136363636363636	0.166666666666667	0.651515151515151	0.694805194805195
#3876A8	#3876A8	0.151515151515152	0.673160173160173	1	0.136363636363636	0.166666666666667	0.651515151515151	0.694805194805195
#3672A2	#3672A2	0.151515151515152	0.673160173160173	1	0.136363636363636	0.166666666666667	0.651515151515151	0.694805194805195
#326A97	#326A97	0.181818181818182	0.673160173160173	1	0.166666666666667	0.196969696969697	0.651515151515151	0.694805194805195
#306692	#306692	0.181818181818182	0.673160173160173	1	0.166666666666667	0.196969696969697	0.651515151515151	0.694805194805195
#2E628D	#2E628D	0.181818181818182	0.673160173160173	1	0.166666666666667	0.196969696969697	0.651515151515151	0.694805194805195
#2A5A82	#2A5A82	0.212121212121212	0.673160173160173	1	0.196969696969697	0.227272727272727	0.651515151515151	0.694805194805195
#28567D	#28567D	0.212121212121212	0.673160173160173	1	0.196969696969697	0.227272727272727	0.651515151515151	0.694805194805195
#254F73	#254F73	0.212121212121212	0.673160173160173	1	0.196969696969697	0.227272727272727	0.651515151515151	0.694805194805195
#234B6E	#234B6E	0.242424242424242	0.673160173160173	1	0.227272727272727	0.257575757575758	0.651515151515151	0.694805194805195
#214769	#214769	0.242424242424242	0.673160173160173	1	0.227272727272727	0.257575757575758	0.651515151515151	0.694805194805195
#1D405F	#1D405F	0.242424242424242	0.673160173160173	1	0.227272727272727	0.257575757575758	0.651515151515151	0.694805194805195
#1B3C5A	#1B3C5A	0.272727272727273	0.673160173160173	1	0.257575757575758	0.287878787878788	0.651515151515151	0.694805194805195
#1A3955	#1A3955	0.272727272727273	0.673160173160173	1	0.257575757575758	0.287878787878788	0.651515151515151	0.694805194805195
#1B3C5A	#1B3C5A	0.272727272727273	0.673160173160173	1	0.257575757575758	0.287878787878788	0.651515151515151	0.694805194805195
#1B3C5A	#1B3C5A	0.303030303030303	0.673160173160173	1	0.287878787878788	0.318181818181818	0.651515151515151	0.694805194805195
#1B3C5A	#1B3C5A	0.303030303030303	0.673160173160173	1	0.287878787878788	0.318181818181818	0.651515151515151	0.694805194805195
#1B3C5A	#1B3C5A	0.303030303030303	0.673160173160173	1	0.287878787878788	0.318181818181818	0.651515151515151	0.694805194805195
#1B3C5A	#1B3C5A	0.333333333333333	0.673160173160173	1	0.318181818181818	0.348484848484849	0.651515151515151	0.694805194805195
#1B3C5A	#1B3C5A	0.333333333333333	0.673160173160173	1	0.318181818181818	0.348484848484849	0.651515151515151	0.694805194805195
#1B3C5A	#1B3C5A	0.333333333333333	0.673160173160173	1	0.318181818181818	0.348484848484849	0.651515151515151	0.694805194805195
#1B3C5A	#1B3C5A	0.363636363636364	0.673160173160173	1	0.348484848484849	0.378787878787879	0.651515151515151	0.694805194805195
#1B3C5A	#1B3C5A	0.363636363636364	0.673160173160173	1	0.348484848484849	0.378787878787879	0.651515151515151	0.694805194805195
#1D405F	#1D405F	0.363636363636364	0.673160173160173	1	0.348484848484849	0.378787878787879	0.651515151515151	0.694805194805195
#1D405F	#1D405F	0.393939393939394	0.673160173160173	1	0.378787878787879	0.409090909090909	0.651515151515151	0.694805194805195
#214769	#214769	0.393939393939394	0.673160173160173	1	0.378787878787879	0.409090909090909	0.651515151515151	0.694805194805195
#234B6E	#234B6E	0.393939393939394	0.673160173160173	1	0.378787878787879	0.409090909090909	0.651515151515151	0.694805194805195
#275278	#275278	0.424242424242424	0.673160173160173	1	0.409090909090909	0.439393939393939	0.651515151515151	0.694805194805195
#2A5A82	#2A5A82	0.424242424242424	0.673160173160173	1	0.409090909090909	0.439393939393939	0.651515151515151	0.694805194805195
#2E628D	#2E628D	0.424242424242424	0.673160173160173	1	0.409090909090909	0.439393939393939	0.651515151515151	0.694805194805195
#326A97	#326A97	0.454545454545455	0.673160173160173	1	0.439393939393939	0.46969696969697	0.651515151515151	0.694805194805195
#346E9D	#346E9D	0.454545454545455	0.673160173160173	1	0.439393939393939	0.46969696969697	0.651515151515151	0.694805194805195
#3672A2	#3672A2	0.454545454545455	0.673160173160173	1	0.439393939393939	0.46969696969697	0.651515151515151	0.694805194805195
#3876A8	#3876A8	0.484848484848485	0.673160173160173	1	0.46969696969697	0.5	0.651515151515151	0.694805194805195
#3A7AAD	#3A7AAD	0.484848484848485	0.673160173160173	1	0.46969696969697	0.5	0.651515151515151	0.694805194805195
#3A7AAD	#3A7AAD	0.484848484848485	0.673160173160173	1	0.46969696969697	0.5	0.651515151515151	0.694805194805195
#3C7EB3	#3C7EB3	0.515151515151515	0.673160173160173	1	0.5	0.53030303030303	0.651515151515151	0.694805194805195
#3C7EB3	#3C7EB3	0.515151515151515	0.673160173160173	1	0.5	0.53030303030303	0.651515151515151	0.694805194805195
#3E82B8	#3E82B8	0.515151515151515	0.673160173160173	1	0.5	0.53030303030303	0.651515151515151	0.694805194805195
#3E82B8	#3E82B8	0.545454545454545	0.673160173160173	1	0.53030303030303	0.560606060606061	0.651515151515151	0.694805194805195
#3C7EB3	#3C7EB3	0.545454545454545	0.673160173160173	1	0.53030303030303	0.560606060606061	0.651515151515151	0.694805194805195
#3C7EB3	#3C7EB3	0.545454545454545	0.673160173160173	1	0.53030303030303	0.560606060606061	0.651515151515151	0.694805194805195
#3C7EB3	#3C7EB3	0.575757575757576	0.673160173160173	1	0.560606060606061	0.590909090909091	0.651515151515151	0.694805194805195
#3C7EB3	#3C7EB3	0.575757575757576	0.673160173160173	1	0.560606060606061	0.590909090909091	0.651515151515151	0.694805194805195
#3E82B8	#3E82B8	0.575757575757576	0.673160173160173	1	0.560606060606061	0.590909090909091	0.651515151515151	0.694805194805195
#3C7EB3	#3C7EB3	0.606060606060606	0.673160173160173	1	0.590909090909091	0.621212121212121	0.651515151515151	0.694805194805195
#3C7EB3	#3C7EB3	0.606060606060606	0.673160173160173	1	0.590909090909091	0.621212121212121	0.651515151515151	0.694805194805195
#3C7EB3	#3C7EB3	0.606060606060606	0.673160173160173	1	0.590909090909091	0.621212121212121	0.651515151515151	0.694805194805195
#3A7AAD	#3A7AAD	0.636363636363636	0.673160173160173	1	0.621212121212121	0.651515151515151	0.651515151515151	0.694805194805195
#3A7AAD	#3A7AAD	0.636363636363636	0.673160173160173	1	0.621212121212121	0.651515151515151	0.651515151515151	0.694805194805195
#3A7AAD	#3A7AAD	0.636363636363636	0.673160173160173	1	0.621212121212121	0.651515151515151	0.651515151515151	0.694805194805195
#3A7AAD	#3A7AAD	0.666666666666667	0.673160173160173	1	0.651515151515151	0.681818181818182	0.651515151515151	0.694805194805195
#3A7AAD	#3A7AAD	0.666666666666667	0.673160173160173	1	0.651515151515151	0.681818181818182	0.651515151515151	0.694805194805195
#3A7AAD	#3A7AAD	0.666666666666667	0.673160173160173	1	0.651515151515151	0.681818181818182	0.651515151515151	0.694805194805195
#3E82B8	#3E82B8	0.696969696969697	0.673160173160173	1	0.681818181818182	0.712121212121212	0.651515151515151	0.694805194805195
#438AC3	#438AC3	0.696969696969697	0.673160173160173	1	0.681818181818182	0.712121212121212	0.651515151515151	0.694805194805195
#458EC9	#458EC9	0.696969696969697	0.673160173160173	1	0.681818181818182	0.712121212121212	0.651515151515151	0.694805194805195
#4793CE	#4793CE	0.727272727272727	0.673160173160173	1	0.712121212121212	0.742424242424242	0.651515151515151	0.694805194805195
#4793CE	#4793CE	0.727272727272727	0.673160173160173	1	0.712121212121212	0.742424242424242	0.651515151515151	0.694805194805195
#4997D4	#4997D4	0.727272727272727	0.673160173160173	1	0.712121212121212	0.742424242424242	0.651515151515151	0.694805194805195
#4B9BD9	#4B9BD9	0.757575757575758	0.673160173160173	1	0.742424242424242	0.772727272727273	0.651515151515151	0.694805194805195
#4D9FDF	#4D9FDF	0.757575757575758	0.673160173160173	1	0.742424242424242	0.772727272727273	0.651515151515151	0.694805194805195
#4D9FDF	#4D9FDF	0.757575757575758	0.673160173160173	1	0.742424242424242	0.772727272727273	0.651515151515151	0.694805194805195
#4D9FDF	#4D9FDF	0.787878787878788	0.673160173160173	1	0.772727272727273	0.803030303030303	0.651515151515151	0.694805194805195
#51A8EB	#51A8EB	0.787878787878788	0.673160173160173	1	0.772727272727273	0.803030303030303	0.651515151515151	0.694805194805195
#51A8EB	#51A8EB	0.787878787878788	0.673160173160173	1	0.772727272727273	0.803030303030303	0.651515151515151	0.694805194805195
#51A8EB	#51A8EB	0.818181818181818	0.673160173160173	1	0.803030303030303	0.833333333333333	0.651515151515151	0.694805194805195
#53ACF1	#53ACF1	0.818181818181818	0.673160173160173	1	0.803030303030303	0.833333333333333	0.651515151515151	0.694805194805195
#53ACF1	#53ACF1	0.818181818181818	0.673160173160173	1	0.803030303030303	0.833333333333333	0.651515151515151	0.694805194805195
#53ACF1	#53ACF1	0.848484848484849	0.673160173160173	1	0.833333333333333	0.863636363636364	0.651515151515151	0.694805194805195
#53ACF1	#53ACF1	0.848484848484849	0.673160173160173	1	0.833333333333333	0.863636363636364	0.651515151515151	0.694805194805195
#53ACF1	#53ACF1	0.848484848484849	0.673160173160173	1	0.833333333333333	0.863636363636364	0.651515151515151	0.694805194805195
#53ACF1	#53ACF1	0.878787878787879	0.673160173160173	1	0.863636363636364	0.893939393939394	0.651515151515151	0.694805194805195
#53ACF1	#53ACF1	0.878787878787879	0.673160173160173	1	0.863636363636364	0.893939393939394	0.651515151515151	0.694805194805195
#53ACF1	#53ACF1	0.878787878787879	0.673160173160173	1	0.863636363636364	0.893939393939394	0.651515151515151	0.694805194805195
#53ACF1	#53ACF1	0.909090909090909	0.673160173160173	1	0.893939393939394	0.924242424242424	0.651515151515151	0.694805194805195
#53ACF1	#53ACF1	0.909090909090909	0.673160173160173	1	0.893939393939394	0.924242424242424	0.651515151515151	0.694805194805195
#53ACF1	#53ACF1	0.909090909090909	0.673160173160173	1	0.893939393939394	0.924242424242424	0.651515151515151	0.694805194805195
#55B1F7	#55B1F7	0.939393939393939	0.673160173160173	1	0.924242424242424	0.954545454545455	0.651515151515151	0.694805194805195
#4D9FDF	#4D9FDF	0.0606060606060606	0.716450216450216	1	0.0454545454545455	0.0757575757575758	0.694805194805195	0.738095238095238
#4B9BD9	#4B9BD9	0.0606060606060606	0.716450216450216	1	0.0454545454545455	0.0757575757575758	0.694805194805195	0.738095238095238
#4B9BD9	#4B9BD9	0.0909090909090909	0.716450216450216	1	0.0757575757575758	0.106060606060606	0.694805194805195	0.738095238095238
#4997D4	#4997D4	0.0909090909090909	0.716450216450216	1	0.0757575757575758	0.106060606060606	0.694805194805195	0.738095238095238
#4793CE	#4793CE	0.0909090909090909	0.716450216450216	1	0.0757575757575758	0.106060606060606	0.694805194805195	0.738095238095238
#458EC9	#458EC9	0.121212121212121	0.716450216450216	1	0.106060606060606	0.136363636363636	0.694805194805195	0.738095238095238
#438AC3	#438AC3	0.121212121212121	0.716450216450216	1	0.106060606060606	0.136363636363636	0.694805194805195	0.738095238095238
#3E82B8	#3E82B8	0.121212121212121	0.716450216450216	1	0.106060606060606	0.136363636363636	0.694805194805195	0.738095238095238
#3C7EB3	#3C7EB3	0.151515151515152	0.716450216450216	1	0.136363636363636	0.166666666666667	0.694805194805195	0.738095238095238
#3A7AAD	#3A7AAD	0.151515151515152	0.716450216450216	1	0.136363636363636	0.166666666666667	0.694805194805195	0.738095238095238
#3876A8	#3876A8	0.151515151515152	0.716450216450216	1	0.136363636363636	0.166666666666667	0.694805194805195	0.738095238095238
#3672A2	#3672A2	0.181818181818182	0.716450216450216	1	0.166666666666667	0.196969696969697	0.694805194805195	0.738095238095238
#346E9D	#346E9D	0.181818181818182	0.716450216450216	1	0.166666666666667	0.196969696969697	0.694805194805195	0.738095238095238
#306692	#306692	0.181818181818182	0.716450216450216	1	0.166666666666667	0.196969696969697	0.694805194805195	0.738095238095238
#2E628D	#2E628D	0.212121212121212	0.716450216450216	1	0.196969696969697	0.227272727272727	0.694805194805195	0.738095238095238
#2A5A82	#2A5A82	0.212121212121212	0.716450216450216	1	0.196969696969697	0.227272727272727	0.694805194805195	0.738095238095238
#275278	#275278	0.212121212121212	0.716450216450216	1	0.196969696969697	0.227272727272727	0.694805194805195	0.738095238095238
#254F73	#254F73	0.242424242424242	0.716450216450216	1	0.227272727272727	0.257575757575758	0.694805194805195	0.738095238095238
#234B6E	#234B6E	0.242424242424242	0.716450216450216	1	0.227272727272727	0.257575757575758	0.694805194805195	0.738095238095238
#214769	#214769	0.242424242424242	0.716450216450216	1	0.227272727272727	0.257575757575758	0.694805194805195	0.738095238095238
#1D405F	#1D405F	0.272727272727273	0.716450216450216	1	0.257575757575758	0.287878787878788	0.694805194805195	0.738095238095238
#1B3C5A	#1B3C5A	0.272727272727273	0.716450216450216	1	0.257575757575758	0.287878787878788	0.694805194805195	0.738095238095238
#1B3C5A	#1B3C5A	0.272727272727273	0.716450216450216	1	0.257575757575758	0.287878787878788	0.694805194805195	0.738095238095238
#1B3C5A	#1B3C5A	0.303030303030303	0.716450216450216	1	0.287878787878788	0.318181818181818	0.694805194805195	0.738095238095238
#1B3C5A	#1B3C5A	0.303030303030303	0.716450216450216	1	0.287878787878788	0.318181818181818	0.694805194805195	0.738095238095238
#1B3C5A	#1B3C5A	0.303030303030303	0.716450216450216	1	0.287878787878788	0.318181818181818	0.694805194805195	0.738095238095238
#1B3C5A	#1B3C5A	0.333333333333333	0.716450216450216	1	0.318181818181818	0.348484848484849	0.694805194805195	0.738095238095238
#1B3C5A	#1B3C5A	0.333333333333333	0.716450216450216	1	0.318181818181818	0.348484848484849	0.694805194805195	0.738095238095238
#1B3C5A	#1B3C5A	0.333333333333333	0.716450216450216	1	0.318181818181818	0.348484848484849	0.694805194805195	0.738095238095238
#1B3C5A	#1B3C5A	0.363636363636364	0.716450216450216	1	0.348484848484849	0.378787878787879	0.694805194805195	0.738095238095238
#1B3C5A	#1B3C5A	0.363636363636364	0.716450216450216	1	0.348484848484849	0.378787878787879	0.694805194805195	0.738095238095238
#1D405F	#1D405F	0.363636363636364	0.716450216450216	1	0.348484848484849	0.378787878787879	0.694805194805195	0.738095238095238
#1F4364	#1F4364	0.393939393939394	0.716450216450216	1	0.378787878787879	0.409090909090909	0.694805194805195	0.738095238095238
#234B6E	#234B6E	0.393939393939394	0.716450216450216	1	0.378787878787879	0.409090909090909	0.694805194805195	0.738095238095238
#254F73	#254F73	0.393939393939394	0.716450216450216	1	0.378787878787879	0.409090909090909	0.694805194805195	0.738095238095238
#275278	#275278	0.424242424242424	0.716450216450216	1	0.409090909090909	0.439393939393939	0.694805194805195	0.738095238095238
#2A5A82	#2A5A82	0.424242424242424	0.716450216450216	1	0.409090909090909	0.439393939393939	0.694805194805195	0.738095238095238
#2E628D	#2E628D	0.424242424242424	0.716450216450216	1	0.409090909090909	0.439393939393939	0.694805194805195	0.738095238095238
#326A97	#326A97	0.454545454545455	0.716450216450216	1	0.439393939393939	0.46969696969697	0.694805194805195	0.738095238095238
#3672A2	#3672A2	0.454545454545455	0.716450216450216	1	0.439393939393939	0.46969696969697	0.694805194805195	0.738095238095238
#3876A8	#3876A8	0.454545454545455	0.716450216450216	1	0.439393939393939	0.46969696969697	0.694805194805195	0.738095238095238
#3A7AAD	#3A7AAD	0.484848484848485	0.716450216450216	1	0.46969696969697	0.5	0.694805194805195	0.738095238095238
#3A7AAD	#3A7AAD	0.484848484848485	0.716450216450216	1	0.46969696969697	0.5	0.694805194805195	0.738095238095238
#3C7EB3	#3C7EB3	0.484848484848485	0.716450216450216	1	0.46969696969697	0.5	0.694805194805195	0.738095238095238
#3C7EB3	#3C7EB3	0.515151515151515	0.716450216450216	1	0.5	0.53030303030303	0.694805194805195	0.738095238095238
#3E82B8	#3E82B8	0.515151515151515	0.716450216450216	1	0.5	0.53030303030303	0.694805194805195	0.738095238095238
#3E82B8	#3E82B8	0.515151515151515	0.716450216450216	1	0.5	0.53030303030303	0.694805194805195	0.738095238095238
#3E82B8	#3E82B8	0.545454545454545	0.716450216450216	1	0.53030303030303	0.560606060606061	0.694805194805195	0.738095238095238
#3E82B8	#3E82B8	0.545454545454545	0.716450216450216	1	0.53030303030303	0.560606060606061	0.694805194805195	0.738095238095238
#3E82B8	#3E82B8	0.545454545454545	0.716450216450216	1	0.53030303030303	0.560606060606061	0.694805194805195	0.738095238095238
#3E82B8	#3E82B8	0.575757575757576	0.716450216450216	1	0.560606060606061	0.590909090909091	0.694805194805195	0.738095238095238
#3E82B8	#3E82B8	0.575757575757576	0.716450216450216	1	0.560606060606061	0.590909090909091	0.694805194805195	0.738095238095238
#4086BE	#4086BE	0.575757575757576	0.716450216450216	1	0.560606060606061	0.590909090909091	0.694805194805195	0.738095238095238
#4086BE	#4086BE	0.606060606060606	0.716450216450216	1	0.590909090909091	0.621212121212121	0.694805194805195	0.738095238095238
#4086BE	#4086BE	0.606060606060606	0.716450216450216	1	0.590909090909091	0.621212121212121	0.694805194805195	0.738095238095238
#4086BE	#4086BE	0.606060606060606	0.716450216450216	1	0.590909090909091	0.621212121212121	0.694805194805195	0.738095238095238
#3E82B8	#3E82B8	0.636363636363636	0.716450216450216	1	0.621212121212121	0.651515151515151	0.694805194805195	0.738095238095238
#3E82B8	#3E82B8	0.636363636363636	0.716450216450216	1	0.621212121212121	0.651515151515151	0.694805194805195	0.738095238095238
#3C7EB3	#3C7EB3	0.636363636363636	0.716450216450216	1	0.621212121212121	0.651515151515151	0.694805194805195	0.738095238095238
#3C7EB3	#3C7EB3	0.666666666666667	0.716450216450216	1	0.651515151515151	0.681818181818182	0.694805194805195	0.738095238095238
#3C7EB3	#3C7EB3	0.666666666666667	0.716450216450216	1	0.651515151515151	0.681818181818182	0.694805194805195	0.738095238095238
#4086BE	#4086BE	0.666666666666667	0.716450216450216	1	0.651515151515151	0.681818181818182	0.694805194805195	0.738095238095238
#4086BE	#4086BE	0.696969696969697	0.716450216450216	1	0.681818181818182	0.712121212121212	0.694805194805195	0.738095238095238
#458EC9	#458EC9	0.696969696969697	0.716450216450216	1	0.681818181818182	0.712121212121212	0.694805194805195	0.738095238095238
#4793CE	#4793CE	0.696969696969697	0.716450216450216	1	0.681818181818182	0.712121212121212	0.694805194805195	0.738095238095238
#4793CE	#4793CE	0.727272727272727	0.716450216450216	1	0.712121212121212	0.742424242424242	0.694805194805195	0.738095238095238
#4997D4	#4997D4	0.727272727272727	0.716450216450216	1	0.712121212121212	0.742424242424242	0.694805194805195	0.738095238095238
#4B9BD9	#4B9BD9	0.727272727272727	0.716450216450216	1	0.712121212121212	0.742424242424242	0.694805194805195	0.738095238095238
#4D9FDF	#4D9FDF	0.757575757575758	0.716450216450216	1	0.742424242424242	0.772727272727273	0.694805194805195	0.738095238095238
#4D9FDF	#4D9FDF	0.757575757575758	0.716450216450216	1	0.742424242424242	0.772727272727273	0.694805194805195	0.738095238095238
#4D9FDF	#4D9FDF	0.757575757575758	0.716450216450216	1	0.742424242424242	0.772727272727273	0.694805194805195	0.738095238095238
#51A8EB	#51A8EB	0.787878787878788	0.716450216450216	1	0.772727272727273	0.803030303030303	0.694805194805195	0.738095238095238
#51A8EB	#51A8EB	0.787878787878788	0.716450216450216	1	0.772727272727273	0.803030303030303	0.694805194805195	0.738095238095238
#51A8EB	#51A8EB	0.787878787878788	0.716450216450216	1	0.772727272727273	0.803030303030303	0.694805194805195	0.738095238095238
#53ACF1	#53ACF1	0.818181818181818	0.716450216450216	1	0.803030303030303	0.833333333333333	0.694805194805195	0.738095238095238
#53ACF1	#53ACF1	0.818181818181818	0.716450216450216	1	0.803030303030303	0.833333333333333	0.694805194805195	0.738095238095238
#53ACF1	#53ACF1	0.818181818181818	0.716450216450216	1	0.803030303030303	0.833333333333333	0.694805194805195	0.738095238095238
#53ACF1	#53ACF1	0.848484848484849	0.716450216450216	1	0.833333333333333	0.863636363636364	0.694805194805195	0.738095238095238
#53ACF1	#53ACF1	0.848484848484849	0.716450216450216	1	0.833333333333333	0.863636363636364	0.694805194805195	0.738095238095238
#53ACF1	#53ACF1	0.848484848484849	0.716450216450216	1	0.833333333333333	0.863636363636364	0.694805194805195	0.738095238095238
#53ACF1	#53ACF1	0.878787878787879	0.716450216450216	1	0.863636363636364	0.893939393939394	0.694805194805195	0.738095238095238
#53ACF1	#53ACF1	0.878787878787879	0.716450216450216	1	0.863636363636364	0.893939393939394	0.694805194805195	0.738095238095238
#53ACF1	#53ACF1	0.878787878787879	0.716450216450216	1	0.863636363636364	0.893939393939394	0.694805194805195	0.738095238095238
#53ACF1	#53ACF1	0.909090909090909	0.716450216450216	1	0.893939393939394	0.924242424242424	0.694805194805195	0.738095238095238
#53ACF1	#53ACF1	0.909090909090909	0.716450216450216	1	0.893939393939394	0.924242424242424	0.694805194805195	0.738095238095238
#55B1F7	#55B1F7	0.909090909090909	0.716450216450216	1	0.893939393939394	0.924242424242424	0.694805194805195	0.738095238095238
#55B1F7	#55B1F7	0.939393939393939	0.716450216450216	1	0.924242424242424	0.954545454545455	0.694805194805195	0.738095238095238
#4B9BD9	#4B9BD9	0.0606060606060606	0.716450216450216	1	0.0454545454545455	0.0757575757575758	0.694805194805195	0.738095238095238
#4B9BD9	#4B9BD9	0.0606060606060606	0.716450216450216	1	0.0454545454545455	0.0757575757575758	0.694805194805195	0.738095238095238
#4B9BD9	#4B9BD9	0.0909090909090909	0.716450216450216	1	0.0757575757575758	0.106060606060606	0.694805194805195	0.738095238095238
#4997D4	#4997D4	0.0909090909090909	0.716450216450216	1	0.0757575757575758	0.106060606060606	0.694805194805195	0.738095238095238
#4793CE	#4793CE	0.0909090909090909	0.716450216450216	1	0.0757575757575758	0.106060606060606	0.694805194805195	0.738095238095238
#4793CE	#4793CE	0.121212121212121	0.716450216450216	1	0.106060606060606	0.136363636363636	0.694805194805195	0.738095238095238
#458EC9	#458EC9	0.121212121212121	0.716450216450216	1	0.106060606060606	0.136363636363636	0.694805194805195	0.738095238095238
#438AC3	#438AC3	0.121212121212121	0.716450216450216	1	0.106060606060606	0.136363636363636	0.694805194805195	0.738095238095238
#3E82B8	#3E82B8	0.151515151515152	0.716450216450216	1	0.136363636363636	0.166666666666667	0.694805194805195	0.738095238095238
#3C7EB3	#3C7EB3	0.151515151515152	0.716450216450216	1	0.136363636363636	0.166666666666667	0.694805194805195	0.738095238095238
#3A7AAD	#3A7AAD	0.151515151515152	0.716450216450216	1	0.136363636363636	0.166666666666667	0.694805194805195	0.738095238095238
#3876A8	#3876A8	0.181818181818182	0.716450216450216	1	0.166666666666667	0.196969696969697	0.694805194805195	0.738095238095238
#3672A2	#3672A2	0.181818181818182	0.716450216450216	1	0.166666666666667	0.196969696969697	0.694805194805195	0.738095238095238
#326A97	#326A97	0.181818181818182	0.716450216450216	1	0.166666666666667	0.196969696969697	0.694805194805195	0.738095238095238
#306692	#306692	0.212121212121212	0.716450216450216	1	0.196969696969697	0.227272727272727	0.694805194805195	0.738095238095238
#2C5E88	#2C5E88	0.212121212121212	0.716450216450216	1	0.196969696969697	0.227272727272727	0.694805194805195	0.738095238095238
#2A5A82	#2A5A82	0.212121212121212	0.716450216450216	1	0.196969696969697	0.227272727272727	0.694805194805195	0.738095238095238
#28567D	#28567D	0.242424242424242	0.716450216450216	1	0.227272727272727	0.257575757575758	0.694805194805195	0.738095238095238
#254F73	#254F73	0.242424242424242	0.716450216450216	1	0.227272727272727	0.257575757575758	0.694805194805195	0.738095238095238
#234B6E	#234B6E	0.242424242424242	0.716450216450216	1	0.227272727272727	0.257575757575758	0.694805194805195	0.738095238095238
#214769	#214769	0.272727272727273	0.716450216450216	1	0.257575757575758	0.287878787878788	0.694805194805195	0.738095238095238
#1D405F	#1D405F	0.272727272727273	0.716450216450216	1	0.257575757575758	0.287878787878788	0.694805194805195	0.738095238095238
#1B3C5A	#1B3C5A	0.272727272727273	0.716450216450216	1	0.257575757575758	0.287878787878788	0.694805194805195	0.738095238095238
#1B3C5A	#1B3C5A	0.303030303030303	0.716450216450216	1	0.287878787878788	0.318181818181818	0.694805194805195	0.738095238095238
#1B3C5A	#1B3C5A	0.303030303030303	0.716450216450216	1	0.287878787878788	0.318181818181818	0.694805194805195	0.738095238095238
#1B3C5A	#1B3C5A	0.303030303030303	0.716450216450216	1	0.287878787878788	0.318181818181818	0.694805194805195	0.738095238095238
#1B3C5A	#1B3C5A	0.333333333333333	0.716450216450216	1	0.318181818181818	0.348484848484849	0.694805194805195	0.738095238095238
#1B3C5A	#1B3C5A	0.333333333333333	0.716450216450216	1	0.318181818181818	0.348484848484849	0.694805194805195	0.738095238095238
#1B3C5A	#1B3C5A	0.333333333333333	0.716450216450216	1	0.318181818181818	0.348484848484849	0.694805194805195	0.738095238095238
#1B3C5A	#1B3C5A	0.363636363636364	0.716450216450216	1	0.348484848484849	0.378787878787879	0.694805194805195	0.738095238095238
#1D405F	#1D405F	0.363636363636364	0.716450216450216	1	0.348484848484849	0.378787878787879	0.694805194805195	0.738095238095238
#1D405F	#1D405F	0.363636363636364	0.716450216450216	1	0.348484848484849	0.378787878787879	0.694805194805195	0.738095238095238
#214769	#214769	0.393939393939394	0.716450216450216	1	0.378787878787879	0.409090909090909	0.694805194805195	0.738095238095238
#234B6E	#234B6E	0.393939393939394	0.716450216450216	1	0.378787878787879	0.409090909090909	0.694805194805195	0.738095238095238
#254F73	#254F73	0.393939393939394	0.716450216450216	1	0.378787878787879	0.409090909090909	0.694805194805195	0.738095238095238
#28567D	#28567D	0.424242424242424	0.716450216450216	1	0.409090909090909	0.439393939393939	0.694805194805195	0.738095238095238
#2A5A82	#2A5A82	0.424242424242424	0.716450216450216	1	0.409090909090909	0.439393939393939	0.694805194805195	0.738095238095238
#306692	#306692	0.424242424242424	0.716450216450216	1	0.409090909090909	0.439393939393939	0.694805194805195	0.738095238095238
#346E9D	#346E9D	0.454545454545455	0.716450216450216	1	0.439393939393939	0.46969696969697	0.694805194805195	0.738095238095238
#3672A2	#3672A2	0.454545454545455	0.716450216450216	1	0.439393939393939	0.46969696969697	0.694805194805195	0.738095238095238
#3876A8	#3876A8	0.454545454545455	0.716450216450216	1	0.439393939393939	0.46969696969697	0.694805194805195	0.738095238095238
#3A7AAD	#3A7AAD	0.484848484848485	0.716450216450216	1	0.46969696969697	0.5	0.694805194805195	0.738095238095238
#3C7EB3	#3C7EB3	0.484848484848485	0.716450216450216	1	0.46969696969697	0.5	0.694805194805195	0.738095238095238
#3C7EB3	#3C7EB3	0.484848484848485	0.716450216450216	1	0.46969696969697	0.5	0.694805194805195	0.738095238095238
#3E82B8	#3E82B8	0.515151515151515	0.716450216450216	1	0.5	0.53030303030303	0.694805194805195	0.738095238095238
#3E82B8	#3E82B8	0.515151515151515	0.716450216450216	1	0.5	0.53030303030303	0.694805194805195	0.738095238095238
#3E82B8	#3E82B8	0.515151515151515	0.716450216450216	1	0.5	0.53030303030303	0.694805194805195	0.738095238095238
#4086BE	#4086BE	0.545454545454545	0.716450216450216	1	0.53030303030303	0.560606060606061	0.694805194805195	0.738095238095238
#4086BE	#4086BE	0.545454545454545	0.716450216450216	1	0.53030303030303	0.560606060606061	0.694805194805195	0.738095238095238
#4086BE	#4086BE	0.545454545454545	0.716450216450216	1	0.53030303030303	0.560606060606061	0.694805194805195	0.738095238095238
#4086BE	#4086BE	0.575757575757576	0.716450216450216	1	0.560606060606061	0.590909090909091	0.694805194805195	0.738095238095238
#4086BE	#4086BE	0.575757575757576	0.716450216450216	1	0.560606060606061	0.590909090909091	0.694805194805195	0.738095238095238
#438AC3	#438AC3	0.575757575757576	0.716450216450216	1	0.560606060606061	0.590909090909091	0.694805194805195	0.738095238095238
#438AC3	#438AC3	0.606060606060606	0.716450216450216	1	0.590909090909091	0.621212121212121	0.694805194805195	0.738095238095238
#438AC3	#438AC3	0.606060606060606	0.716450216450216	1	0.590909090909091	0.621212121212121	0.694805194805195	0.738095238095238
#438AC3	#438AC3	0.606060606060606	0.716450216450216	1	0.590909090909091	0.621212121212121	0.694805194805195	0.738095238095238
#438AC3	#438AC3	0.636363636363636	0.716450216450216	1	0.621212121212121	0.651515151515151	0.694805194805195	0.738095238095238
#438AC3	#438AC3	0.636363636363636	0.716450216450216	1	0.621212121212121	0.651515151515151	0.694805194805195	0.738095238095238
#438AC3	#438AC3	0.636363636363636	0.716450216450216	1	0.621212121212121	0.651515151515151	0.694805194805195	0.738095238095238
#438AC3	#438AC3	0.666666666666667	0.716450216450216	1	0.651515151515151	0.681818181818182	0.694805194805195	0.738095238095238
#4086BE	#4086BE	0.666666666666667	0.716450216450216	1	0.651515151515151	0.681818181818182	0.694805194805195	0.738095238095238
#438AC3	#438AC3	0.666666666666667	0.716450216450216	1	0.651515151515151	0.681818181818182	0.694805194805195	0.738095238095238
#438AC3	#438AC3	0.696969696969697	0.716450216450216	1	0.681818181818182	0.712121212121212	0.694805194805195	0.738095238095238
#458EC9	#458EC9	0.696969696969697	0.716450216450216	1	0.681818181818182	0.712121212121212	0.694805194805195	0.738095238095238
#4793CE	#4793CE	0.696969696969697	0.716450216450216	1	0.681818181818182	0.712121212121212	0.694805194805195	0.738095238095238
#4997D4	#4997D4	0.727272727272727	0.716450216450216	1	0.712121212121212	0.742424242424242	0.694805194805195	0.738095238095238
#4B9BD9	#4B9BD9	0.727272727272727	0.716450216450216	1	0.712121212121212	0.742424242424242	0.694805194805195	0.738095238095238
#4D9FDF	#4D9FDF	0.727272727272727	0.716450216450216	1	0.712121212121212	0.742424242424242	0.694805194805195	0.738095238095238
#4D9FDF	#4D9FDF	0.757575757575758	0.716450216450216	1	0.742424242424242	0.772727272727273	0.694805194805195	0.738095238095238
#51A8EB	#51A8EB	0.757575757575758	0.716450216450216	1	0.742424242424242	0.772727272727273	0.694805194805195	0.738095238095238
#51A8EB	#51A8EB	0.757575757575758	0.716450216450216	1	0.742424242424242	0.772727272727273	0.694805194805195	0.738095238095238
#51A8EB	#51A8EB	0.787878787878788	0.716450216450216	1	0.772727272727273	0.803030303030303	0.694805194805195	0.738095238095238
#51A8EB	#51A8EB	0.787878787878788	0.716450216450216	1	0.772727272727273	0.803030303030303	0.694805194805195	0.738095238095238
#53ACF1	#53ACF1	0.787878787878788	0.716450216450216	1	0.772727272727273	0.803030303030303	0.694805194805195	0.738095238095238
#53ACF1	#53ACF1	0.818181818181818	0.716450216450216	1	0.803030303030303	0.833333333333333	0.694805194805195	0.738095238095238
#53ACF1	#53ACF1	0.818181818181818	0.716450216450216	1	0.803030303030303	0.833333333333333	0.694805194805195	0.738095238095238
#53ACF1	#53ACF1	0.818181818181818	0.716450216450216	1	0.803030303030303	0.833333333333333	0.694805194805195	0.738095238095238
#53ACF1	#53ACF1	0.848484848484849	0.716450216450216	1	0.833333333333333	0.863636363636364	0.694805194805195	0.738095238095238
#53ACF1	#53ACF1	0.848484848484849	0.716450216450216	1	0.833333333333333	0.863636363636364	0.694805194805195	0.738095238095238
#53ACF1	#53ACF1	0.848484848484849	0.716450216450216	1	0.833333333333333	0.863636363636364	0.694805194805195	0.738095238095238
#53ACF1	#53ACF1	0.878787878787879	0.716450216450216	1	0.863636363636364	0.893939393939394	0.694805194805195	0.738095238095238
#53ACF1	#53ACF1	0.878787878787879	0.716450216450216	1	0.863636363636364	0.893939393939394	0.694805194805195	0.738095238095238
#53ACF1	#53ACF1	0.878787878787879	0.716450216450216	1	0.863636363636364	0.893939393939394	0.694805194805195	0.738095238095238
#53ACF1	#53ACF1	0.909090909090909	0.716450216450216	1	0.893939393939394	0.924242424242424	0.694805194805195	0.738095238095238
#55B1F7	#55B1F7	0.909090909090909	0.716450216450216	1	0.893939393939394	0.924242424242424	0.694805194805195	0.738095238095238
#55B1F7	#55B1F7	0.909090909090909	0.716450216450216	1	0.893939393939394	0.924242424242424	0.694805194805195	0.738095238095238
#55B1F7	#55B1F7	0.939393939393939	0.716450216450216	1	0.924242424242424	0.954545454545455	0.694805194805195	0.738095238095238
#4B9BD9	#4B9BD9	0.0606060606060606	0.716450216450216	1	0.0454545454545455	0.0757575757575758	0.694805194805195	0.738095238095238
#4B9BD9	#4B9BD9	0.0606060606060606	0.716450216450216	1	0.0454545454545455	0.0757575757575758	0.694805194805195	0.738095238095238
#4B9BD9	#4B9BD9	0.0909090909090909	0.716450216450216	1	0.0757575757575758	0.106060606060606	0.694805194805195	0.738095238095238
#4B9BD9	#4B9BD9	0.0909090909090909	0.716450216450216	1	0.0757575757575758	0.106060606060606	0.694805194805195	0.738095238095238
#4997D4	#4997D4	0.0909090909090909	0.716450216450216	1	0.0757575757575758	0.106060606060606	0.694805194805195	0.738095238095238
#4793CE	#4793CE	0.121212121212121	0.716450216450216	1	0.106060606060606	0.136363636363636	0.694805194805195	0.738095238095238
#4793CE	#4793CE	0.121212121212121	0.716450216450216	1	0.106060606060606	0.136363636363636	0.694805194805195	0.738095238095238
#458EC9	#458EC9	0.121212121212121	0.716450216450216	1	0.106060606060606	0.136363636363636	0.694805194805195	0.738095238095238
#438AC3	#438AC3	0.151515151515152	0.716450216450216	1	0.136363636363636	0.166666666666667	0.694805194805195	0.738095238095238
#4086BE	#4086BE	0.151515151515152	0.716450216450216	1	0.136363636363636	0.166666666666667	0.694805194805195	0.738095238095238
#3C7EB3	#3C7EB3	0.151515151515152	0.716450216450216	1	0.136363636363636	0.166666666666667	0.694805194805195	0.738095238095238
#3A7AAD	#3A7AAD	0.181818181818182	0.716450216450216	1	0.166666666666667	0.196969696969697	0.694805194805195	0.738095238095238
#3876A8	#3876A8	0.181818181818182	0.716450216450216	1	0.166666666666667	0.196969696969697	0.694805194805195	0.738095238095238
#3672A2	#3672A2	0.181818181818182	0.716450216450216	1	0.166666666666667	0.196969696969697	0.694805194805195	0.738095238095238
#326A97	#326A97	0.212121212121212	0.716450216450216	1	0.196969696969697	0.227272727272727	0.694805194805195	0.738095238095238
#306692	#306692	0.212121212121212	0.716450216450216	1	0.196969696969697	0.227272727272727	0.694805194805195	0.738095238095238
#2E628D	#2E628D	0.212121212121212	0.716450216450216	1	0.196969696969697	0.227272727272727	0.694805194805195	0.738095238095238
#2A5A82	#2A5A82	0.242424242424242	0.716450216450216	1	0.227272727272727	0.257575757575758	0.694805194805195	0.738095238095238
#28567D	#28567D	0.242424242424242	0.716450216450216	1	0.227272727272727	0.257575757575758	0.694805194805195	0.738095238095238
#254F73	#254F73	0.242424242424242	0.716450216450216	1	0.227272727272727	0.257575757575758	0.694805194805195	0.738095238095238
#234B6E	#234B6E	0.272727272727273	0.716450216450216	1	0.257575757575758	0.287878787878788	0.694805194805195	0.738095238095238
#214769	#214769	0.272727272727273	0.716450216450216	1	0.257575757575758	0.287878787878788	0.694805194805195	0.738095238095238
#1F4364	#1F4364	0.272727272727273	0.716450216450216	1	0.257575757575758	0.287878787878788	0.694805194805195	0.738095238095238
#1D405F	#1D405F	0.303030303030303	0.716450216450216	1	0.287878787878788	0.318181818181818	0.694805194805195	0.738095238095238
#1D405F	#1D405F	0.303030303030303	0.716450216450216	1	0.287878787878788	0.318181818181818	0.694805194805195	0.738095238095238
#1B3C5A	#1B3C5A	0.303030303030303	0.716450216450216	1	0.287878787878788	0.318181818181818	0.694805194805195	0.738095238095238
#1B3C5A	#1B3C5A	0.333333333333333	0.716450216450216	1	0.318181818181818	0.348484848484849	0.694805194805195	0.738095238095238
#1B3C5A	#1B3C5A	0.333333333333333	0.716450216450216	1	0.318181818181818	0.348484848484849	0.694805194805195	0.738095238095238
#1D405F	#1D405F	0.333333333333333	0.716450216450216	1	0.318181818181818	0.348484848484849	0.694805194805195	0.738095238095238
#1D405F	#1D405F	0.363636363636364	0.716450216450216	1	0.348484848484849	0.378787878787879	0.694805194805195	0.738095238095238
#1F4364	#1F4364	0.363636363636364	0.716450216450216	1	0.348484848484849	0.378787878787879	0.694805194805195	0.738095238095238
#1F4364	#1F4364	0.363636363636364	0.716450216450216	1	0.348484848484849	0.378787878787879	0.694805194805195	0.738095238095238
#214769	#214769	0.393939393939394	0.716450216450216	1	0.378787878787879	0.409090909090909	0.694805194805195	0.738095238095238
#254F73	#254F73	0.393939393939394	0.716450216450216	1	0.378787878787879	0.409090909090909	0.694805194805195	0.738095238095238
#275278	#275278	0.393939393939394	0.716450216450216	1	0.378787878787879	0.409090909090909	0.694805194805195	0.738095238095238
#28567D	#28567D	0.424242424242424	0.716450216450216	1	0.409090909090909	0.439393939393939	0.694805194805195	0.738095238095238
#2C5E88	#2C5E88	0.424242424242424	0.716450216450216	1	0.409090909090909	0.439393939393939	0.694805194805195	0.738095238095238
#306692	#306692	0.424242424242424	0.716450216450216	1	0.409090909090909	0.439393939393939	0.694805194805195	0.738095238095238
#346E9D	#346E9D	0.454545454545455	0.716450216450216	1	0.439393939393939	0.46969696969697	0.694805194805195	0.738095238095238
#3672A2	#3672A2	0.454545454545455	0.716450216450216	1	0.439393939393939	0.46969696969697	0.694805194805195	0.738095238095238
#3876A8	#3876A8	0.454545454545455	0.716450216450216	1	0.439393939393939	0.46969696969697	0.694805194805195	0.738095238095238
#3A7AAD	#3A7AAD	0.484848484848485	0.716450216450216	1	0.46969696969697	0.5	0.694805194805195	0.738095238095238
#3C7EB3	#3C7EB3	0.484848484848485	0.716450216450216	1	0.46969696969697	0.5	0.694805194805195	0.738095238095238
#3E82B8	#3E82B8	0.484848484848485	0.716450216450216	1	0.46969696969697	0.5	0.694805194805195	0.738095238095238
#3E82B8	#3E82B8	0.515151515151515	0.716450216450216	1	0.5	0.53030303030303	0.694805194805195	0.738095238095238
#4086BE	#4086BE	0.515151515151515	0.716450216450216	1	0.5	0.53030303030303	0.694805194805195	0.738095238095238
#4086BE	#4086BE	0.515151515151515	0.716450216450216	1	0.5	0.53030303030303	0.694805194805195	0.738095238095238
#4086BE	#4086BE	0.545454545454545	0.716450216450216	1	0.53030303030303	0.560606060606061	0.694805194805195	0.738095238095238
#4086BE	#4086BE	0.545454545454545	0.716450216450216	1	0.53030303030303	0.560606060606061	0.694805194805195	0.738095238095238
#4086BE	#4086BE	0.545454545454545	0.716450216450216	1	0.53030303030303	0.560606060606061	0.694805194805195	0.738095238095238
#438AC3	#438AC3	0.575757575757576	0.716450216450216	1	0.560606060606061	0.590909090909091	0.694805194805195	0.738095238095238
#438AC3	#438AC3	0.575757575757576	0.716450216450216	1	0.560606060606061	0.590909090909091	0.694805194805195	0.738095238095238
#438AC3	#438AC3	0.575757575757576	0.716450216450216	1	0.560606060606061	0.590909090909091	0.694805194805195	0.738095238095238
#458EC9	#458EC9	0.606060606060606	0.716450216450216	1	0.590909090909091	0.621212121212121	0.694805194805195	0.738095238095238
#458EC9	#458EC9	0.606060606060606	0.716450216450216	1	0.590909090909091	0.621212121212121	0.694805194805195	0.738095238095238
#458EC9	#458EC9	0.606060606060606	0.716450216450216	1	0.590909090909091	0.621212121212121	0.694805194805195	0.738095238095238
#4793CE	#4793CE	0.636363636363636	0.716450216450216	1	0.621212121212121	0.651515151515151	0.694805194805195	0.738095238095238
#458EC9	#458EC9	0.636363636363636	0.716450216450216	1	0.621212121212121	0.651515151515151	0.694805194805195	0.738095238095238
#458EC9	#458EC9	0.636363636363636	0.716450216450216	1	0.621212121212121	0.651515151515151	0.694805194805195	0.738095238095238
#458EC9	#458EC9	0.666666666666667	0.716450216450216	1	0.651515151515151	0.681818181818182	0.694805194805195	0.738095238095238
#458EC9	#458EC9	0.666666666666667	0.716450216450216	1	0.651515151515151	0.681818181818182	0.694805194805195	0.738095238095238
#458EC9	#458EC9	0.666666666666667	0.716450216450216	1	0.651515151515151	0.681818181818182	0.694805194805195	0.738095238095238
#4793CE	#4793CE	0.696969696969697	0.716450216450216	1	0.681818181818182	0.712121212121212	0.694805194805195	0.738095238095238
#4793CE	#4793CE	0.696969696969697	0.716450216450216	1	0.681818181818182	0.712121212121212	0.694805194805195	0.738095238095238
#4997D4	#4997D4	0.696969696969697	0.716450216450216	1	0.681818181818182	0.712121212121212	0.694805194805195	0.738095238095238
#4B9BD9	#4B9BD9	0.727272727272727	0.716450216450216	1	0.712121212121212	0.742424242424242	0.694805194805195	0.738095238095238
#4D9FDF	#4D9FDF	0.727272727272727	0.716450216450216	1	0.712121212121212	0.742424242424242	0.694805194805195	0.738095238095238
#4D9FDF	#4D9FDF	0.727272727272727	0.716450216450216	1	0.712121212121212	0.742424242424242	0.694805194805195	0.738095238095238
#51A8EB	#51A8EB	0.757575757575758	0.716450216450216	1	0.742424242424242	0.772727272727273	0.694805194805195	0.738095238095238
#51A8EB	#51A8EB	0.757575757575758	0.716450216450216	1	0.742424242424242	0.772727272727273	0.694805194805195	0.738095238095238
#51A8EB	#51A8EB	0.757575757575758	0.716450216450216	1	0.742424242424242	0.772727272727273	0.694805194805195	0.738095238095238
#51A8EB	#51A8EB	0.787878787878788	0.716450216450216	1	0.772727272727273	0.803030303030303	0.694805194805195	0.738095238095238
#53ACF1	#53ACF1	0.787878787878788	0.716450216450216	1	0.772727272727273	0.803030303030303	0.694805194805195	0.738095238095238
#53ACF1	#53ACF1	0.787878787878788	0.716450216450216	1	0.772727272727273	0.803030303030303	0.694805194805195	0.738095238095238
#53ACF1	#53ACF1	0.818181818181818	0.716450216450216	1	0.803030303030303	0.833333333333333	0.694805194805195	0.738095238095238
#53ACF1	#53ACF1	0.818181818181818	0.716450216450216	1	0.803030303030303	0.833333333333333	0.694805194805195	0.738095238095238
#53ACF1	#53ACF1	0.818181818181818	0.716450216450216	1	0.803030303030303	0.833333333333333	0.694805194805195	0.738095238095238
#53ACF1	#53ACF1	0.848484848484849	0.716450216450216	1	0.833333333333333	0.863636363636364	0.694805194805195	0.738095238095238
#53ACF1	#53ACF1	0.848484848484849	0.716450216450216	1	0.833333333333333	0.863636363636364	0.694805194805195	0.738095238095238
#53ACF1	#53ACF1	0.848484848484849	0.716450216450216	1	0.833333333333333	0.863636363636364	0.694805194805195	0.738095238095238
#53ACF1	#53ACF1	0.878787878787879	0.716450216450216	1	0.863636363636364	0.893939393939394	0.694805194805195	0.738095238095238
#53ACF1	#53ACF1	0.878787878787879	0.716450216450216	1	0.863636363636364	0.893939393939394	0.694805194805195	0.738095238095238
#53ACF1	#53ACF1	0.878787878787879	0.716450216450216	1	0.863636363636364	0.893939393939394	0.694805194805195	0.738095238095238
#55B1F7	#55B1F7	0.909090909090909	0.716450216450216	1	0.893939393939394	0.924242424242424	0.694805194805195	0.738095238095238
#55B1F7	#55B1F7	0.909090909090909	0.716450216450216	1	0.893939393939394	0.924242424242424	0.694805194805195	0.738095238095238
#55B1F7	#55B1F7	0.909090909090909	0.716450216450216	1	0.893939393939394	0.924242424242424	0.694805194805195	0.738095238095238
#55B1F7	#55B1F7	0.939393939393939	0.716450216450216	1	0.924242424242424	0.954545454545455	0.694805194805195	0.738095238095238
#4B9BD9	#4B9BD9	0.0606060606060606	0.75974025974026	1	0.0454545454545455	0.0757575757575758	0.738095238095238	0.781385281385281
#4B9BD9	#4B9BD9	0.0606060606060606	0.75974025974026	1	0.0454545454545455	0.0757575757575758	0.738095238095238	0.781385281385281
#4B9BD9	#4B9BD9	0.0909090909090909	0.75974025974026	1	0.0757575757575758	0.106060606060606	0.738095238095238	0.781385281385281
#4B9BD9	#4B9BD9	0.0909090909090909	0.75974025974026	1	0.0757575757575758	0.106060606060606	0.738095238095238	0.781385281385281
#4B9BD9	#4B9BD9	0.0909090909090909	0.75974025974026	1	0.0757575757575758	0.106060606060606	0.738095238095238	0.781385281385281
#4997D4	#4997D4	0.121212121212121	0.75974025974026	1	0.106060606060606	0.136363636363636	0.738095238095238	0.781385281385281
#4793CE	#4793CE	0.121212121212121	0.75974025974026	1	0.106060606060606	0.136363636363636	0.738095238095238	0.781385281385281
#4793CE	#4793CE	0.121212121212121	0.75974025974026	1	0.106060606060606	0.136363636363636	0.738095238095238	0.781385281385281
#458EC9	#458EC9	0.151515151515152	0.75974025974026	1	0.136363636363636	0.166666666666667	0.738095238095238	0.781385281385281
#438AC3	#438AC3	0.151515151515152	0.75974025974026	1	0.136363636363636	0.166666666666667	0.738095238095238	0.781385281385281
#3E82B8	#3E82B8	0.151515151515152	0.75974025974026	1	0.136363636363636	0.166666666666667	0.738095238095238	0.781385281385281
#3C7EB3	#3C7EB3	0.181818181818182	0.75974025974026	1	0.166666666666667	0.196969696969697	0.738095238095238	0.781385281385281
#3A7AAD	#3A7AAD	0.181818181818182	0.75974025974026	1	0.166666666666667	0.196969696969697	0.738095238095238	0.781385281385281
#3672A2	#3672A2	0.181818181818182	0.75974025974026	1	0.166666666666667	0.196969696969697	0.738095238095238	0.781385281385281
#346E9D	#346E9D	0.212121212121212	0.75974025974026	1	0.196969696969697	0.227272727272727	0.738095238095238	0.781385281385281
#326A97	#326A97	0.212121212121212	0.75974025974026	1	0.196969696969697	0.227272727272727	0.738095238095238	0.781385281385281
#306692	#306692	0.212121212121212	0.75974025974026	1	0.196969696969697	0.227272727272727	0.738095238095238	0.781385281385281
#2E628D	#2E628D	0.242424242424242	0.75974025974026	1	0.227272727272727	0.257575757575758	0.738095238095238	0.781385281385281
#2A5A82	#2A5A82	0.242424242424242	0.75974025974026	1	0.227272727272727	0.257575757575758	0.738095238095238	0.781385281385281
#28567D	#28567D	0.242424242424242	0.75974025974026	1	0.227272727272727	0.257575757575758	0.738095238095238	0.781385281385281
#275278	#275278	0.272727272727273	0.75974025974026	1	0.257575757575758	0.287878787878788	0.738095238095238	0.781385281385281
#234B6E	#234B6E	0.272727272727273	0.75974025974026	1	0.257575757575758	0.287878787878788	0.738095238095238	0.781385281385281
#214769	#214769	0.272727272727273	0.75974025974026	1	0.257575757575758	0.287878787878788	0.738095238095238	0.781385281385281
#1F4364	#1F4364	0.303030303030303	0.75974025974026	1	0.287878787878788	0.318181818181818	0.738095238095238	0.781385281385281
#1D405F	#1D405F	0.303030303030303	0.75974025974026	1	0.287878787878788	0.318181818181818	0.738095238095238	0.781385281385281
#1F4364	#1F4364	0.303030303030303	0.75974025974026	1	0.287878787878788	0.318181818181818	0.738095238095238	0.781385281385281
#1D405F	#1D405F	0.333333333333333	0.75974025974026	1	0.318181818181818	0.348484848484849	0.738095238095238	0.781385281385281
#1D405F	#1D405F	0.333333333333333	0.75974025974026	1	0.318181818181818	0.348484848484849	0.738095238095238	0.781385281385281
#1D405F	#1D405F	0.333333333333333	0.75974025974026	1	0.318181818181818	0.348484848484849	0.738095238095238	0.781385281385281
#1F4364	#1F4364	0.363636363636364	0.75974025974026	1	0.348484848484849	0.378787878787879	0.738095238095238	0.781385281385281
#1F4364	#1F4364	0.363636363636364	0.75974025974026	1	0.348484848484849	0.378787878787879	0.738095238095238	0.781385281385281
#214769	#214769	0.363636363636364	0.75974025974026	1	0.348484848484849	0.378787878787879	0.738095238095238	0.781385281385281
#234B6E	#234B6E	0.393939393939394	0.75974025974026	1	0.378787878787879	0.409090909090909	0.738095238095238	0.781385281385281
#275278	#275278	0.393939393939394	0.75974025974026	1	0.378787878787879	0.409090909090909	0.738095238095238	0.781385281385281
#28567D	#28567D	0.393939393939394	0.75974025974026	1	0.378787878787879	0.409090909090909	0.738095238095238	0.781385281385281
#2A5A82	#2A5A82	0.424242424242424	0.75974025974026	1	0.409090909090909	0.439393939393939	0.738095238095238	0.781385281385281
#2E628D	#2E628D	0.424242424242424	0.75974025974026	1	0.409090909090909	0.439393939393939	0.738095238095238	0.781385281385281
#306692	#306692	0.424242424242424	0.75974025974026	1	0.409090909090909	0.439393939393939	0.738095238095238	0.781385281385281
#346E9D	#346E9D	0.454545454545455	0.75974025974026	1	0.439393939393939	0.46969696969697	0.738095238095238	0.781385281385281
#3672A2	#3672A2	0.454545454545455	0.75974025974026	1	0.439393939393939	0.46969696969697	0.738095238095238	0.781385281385281
#3A7AAD	#3A7AAD	0.454545454545455	0.75974025974026	1	0.439393939393939	0.46969696969697	0.738095238095238	0.781385281385281
#3C7EB3	#3C7EB3	0.484848484848485	0.75974025974026	1	0.46969696969697	0.5	0.738095238095238	0.781385281385281
#3E82B8	#3E82B8	0.484848484848485	0.75974025974026	1	0.46969696969697	0.5	0.738095238095238	0.781385281385281
#4086BE	#4086BE	0.484848484848485	0.75974025974026	1	0.46969696969697	0.5	0.738095238095238	0.781385281385281
#4086BE	#4086BE	0.515151515151515	0.75974025974026	1	0.5	0.53030303030303	0.738095238095238	0.781385281385281
#4086BE	#4086BE	0.515151515151515	0.75974025974026	1	0.5	0.53030303030303	0.738095238095238	0.781385281385281
#4086BE	#4086BE	0.515151515151515	0.75974025974026	1	0.5	0.53030303030303	0.738095238095238	0.781385281385281
#438AC3	#438AC3	0.545454545454545	0.75974025974026	1	0.53030303030303	0.560606060606061	0.738095238095238	0.781385281385281
#438AC3	#438AC3	0.545454545454545	0.75974025974026	1	0.53030303030303	0.560606060606061	0.738095238095238	0.781385281385281
#438AC3	#438AC3	0.545454545454545	0.75974025974026	1	0.53030303030303	0.560606060606061	0.738095238095238	0.781385281385281
#438AC3	#438AC3	0.575757575757576	0.75974025974026	1	0.560606060606061	0.590909090909091	0.738095238095238	0.781385281385281
#438AC3	#438AC3	0.575757575757576	0.75974025974026	1	0.560606060606061	0.590909090909091	0.738095238095238	0.781385281385281
#458EC9	#458EC9	0.575757575757576	0.75974025974026	1	0.560606060606061	0.590909090909091	0.738095238095238	0.781385281385281
#4793CE	#4793CE	0.606060606060606	0.75974025974026	1	0.590909090909091	0.621212121212121	0.738095238095238	0.781385281385281
#4793CE	#4793CE	0.606060606060606	0.75974025974026	1	0.590909090909091	0.621212121212121	0.738095238095238	0.781385281385281
#4997D4	#4997D4	0.606060606060606	0.75974025974026	1	0.590909090909091	0.621212121212121	0.738095238095238	0.781385281385281
#4B9BD9	#4B9BD9	0.636363636363636	0.75974025974026	1	0.621212121212121	0.651515151515151	0.738095238095238	0.781385281385281
#4B9BD9	#4B9BD9	0.636363636363636	0.75974025974026	1	0.621212121212121	0.651515151515151	0.738095238095238	0.781385281385281
#4B9BD9	#4B9BD9	0.636363636363636	0.75974025974026	1	0.621212121212121	0.651515151515151	0.738095238095238	0.781385281385281
#4B9BD9	#4B9BD9	0.666666666666667	0.75974025974026	1	0.651515151515151	0.681818181818182	0.738095238095238	0.781385281385281
#4997D4	#4997D4	0.666666666666667	0.75974025974026	1	0.651515151515151	0.681818181818182	0.738095238095238	0.781385281385281
#4793CE	#4793CE	0.666666666666667	0.75974025974026	1	0.651515151515151	0.681818181818182	0.738095238095238	0.781385281385281
#4997D4	#4997D4	0.696969696969697	0.75974025974026	1	0.681818181818182	0.712121212121212	0.738095238095238	0.781385281385281
#4997D4	#4997D4	0.696969696969697	0.75974025974026	1	0.681818181818182	0.712121212121212	0.738095238095238	0.781385281385281
#4B9BD9	#4B9BD9	0.696969696969697	0.75974025974026	1	0.681818181818182	0.712121212121212	0.738095238095238	0.781385281385281
#4D9FDF	#4D9FDF	0.727272727272727	0.75974025974026	1	0.712121212121212	0.742424242424242	0.738095238095238	0.781385281385281
#4D9FDF	#4D9FDF	0.727272727272727	0.75974025974026	1	0.712121212121212	0.742424242424242	0.738095238095238	0.781385281385281
#4FA4E5	#4FA4E5	0.727272727272727	0.75974025974026	1	0.712121212121212	0.742424242424242	0.738095238095238	0.781385281385281
#51A8EB	#51A8EB	0.757575757575758	0.75974025974026	1	0.742424242424242	0.772727272727273	0.738095238095238	0.781385281385281
#51A8EB	#51A8EB	0.757575757575758	0.75974025974026	1	0.742424242424242	0.772727272727273	0.738095238095238	0.781385281385281
#51A8EB	#51A8EB	0.757575757575758	0.75974025974026	1	0.742424242424242	0.772727272727273	0.738095238095238	0.781385281385281
#53ACF1	#53ACF1	0.787878787878788	0.75974025974026	1	0.772727272727273	0.803030303030303	0.738095238095238	0.781385281385281
#53ACF1	#53ACF1	0.787878787878788	0.75974025974026	1	0.772727272727273	0.803030303030303	0.738095238095238	0.781385281385281
#53ACF1	#53ACF1	0.787878787878788	0.75974025974026	1	0.772727272727273	0.803030303030303	0.738095238095238	0.781385281385281
#53ACF1	#53ACF1	0.818181818181818	0.75974025974026	1	0.803030303030303	0.833333333333333	0.738095238095238	0.781385281385281
#53ACF1	#53ACF1	0.818181818181818	0.75974025974026	1	0.803030303030303	0.833333333333333	0.738095238095238	0.781385281385281
#53ACF1	#53ACF1	0.818181818181818	0.75974025974026	1	0.803030303030303	0.833333333333333	0.738095238095238	0.781385281385281
#53ACF1	#53ACF1	0.848484848484849	0.75974025974026	1	0.833333333333333	0.863636363636364	0.738095238095238	0.781385281385281
#53ACF1	#53ACF1	0.848484848484849	0.75974025974026	1	0.833333333333333	0.863636363636364	0.738095238095238	0.781385281385281
#53ACF1	#53ACF1	0.848484848484849	0.75974025974026	1	0.833333333333333	0.863636363636364	0.738095238095238	0.781385281385281
#53ACF1	#53ACF1	0.878787878787879	0.75974025974026	1	0.863636363636364	0.893939393939394	0.738095238095238	0.781385281385281
#53ACF1	#53ACF1	0.878787878787879	0.75974025974026	1	0.863636363636364	0.893939393939394	0.738095238095238	0.781385281385281
#53ACF1	#53ACF1	0.878787878787879	0.75974025974026	1	0.863636363636364	0.893939393939394	0.738095238095238	0.781385281385281
#55B1F7	#55B1F7	0.909090909090909	0.75974025974026	1	0.893939393939394	0.924242424242424	0.738095238095238	0.781385281385281
#55B1F7	#55B1F7	0.909090909090909	0.75974025974026	1	0.893939393939394	0.924242424242424	0.738095238095238	0.781385281385281
#55B1F7	#55B1F7	0.909090909090909	0.75974025974026	1	0.893939393939394	0.924242424242424	0.738095238095238	0.781385281385281
#55B1F7	#55B1F7	0.939393939393939	0.75974025974026	1	0.924242424242424	0.954545454545455	0.738095238095238	0.781385281385281
#4B9BD9	#4B9BD9	0.0606060606060606	0.75974025974026	1	0.0454545454545455	0.0757575757575758	0.738095238095238	0.781385281385281
#4B9BD9	#4B9BD9	0.0606060606060606	0.75974025974026	1	0.0454545454545455	0.0757575757575758	0.738095238095238	0.781385281385281
#4B9BD9	#4B9BD9	0.0909090909090909	0.75974025974026	1	0.0757575757575758	0.106060606060606	0.738095238095238	0.781385281385281
#4B9BD9	#4B9BD9	0.0909090909090909	0.75974025974026	1	0.0757575757575758	0.106060606060606	0.738095238095238	0.781385281385281
#4B9BD9	#4B9BD9	0.0909090909090909	0.75974025974026	1	0.0757575757575758	0.106060606060606	0.738095238095238	0.781385281385281
#4997D4	#4997D4	0.121212121212121	0.75974025974026	1	0.106060606060606	0.136363636363636	0.738095238095238	0.781385281385281
#4997D4	#4997D4	0.121212121212121	0.75974025974026	1	0.106060606060606	0.136363636363636	0.738095238095238	0.781385281385281
#4793CE	#4793CE	0.121212121212121	0.75974025974026	1	0.106060606060606	0.136363636363636	0.738095238095238	0.781385281385281
#458EC9	#458EC9	0.151515151515152	0.75974025974026	1	0.136363636363636	0.166666666666667	0.738095238095238	0.781385281385281
#438AC3	#438AC3	0.151515151515152	0.75974025974026	1	0.136363636363636	0.166666666666667	0.738095238095238	0.781385281385281
#4086BE	#4086BE	0.151515151515152	0.75974025974026	1	0.136363636363636	0.166666666666667	0.738095238095238	0.781385281385281
#3E82B8	#3E82B8	0.181818181818182	0.75974025974026	1	0.166666666666667	0.196969696969697	0.738095238095238	0.781385281385281
#3C7EB3	#3C7EB3	0.181818181818182	0.75974025974026	1	0.166666666666667	0.196969696969697	0.738095238095238	0.781385281385281
#3876A8	#3876A8	0.181818181818182	0.75974025974026	1	0.166666666666667	0.196969696969697	0.738095238095238	0.781385281385281
#3672A2	#3672A2	0.212121212121212	0.75974025974026	1	0.196969696969697	0.227272727272727	0.738095238095238	0.781385281385281
#346E9D	#346E9D	0.212121212121212	0.75974025974026	1	0.196969696969697	0.227272727272727	0.738095238095238	0.781385281385281
#326A97	#326A97	0.212121212121212	0.75974025974026	1	0.196969696969697	0.227272727272727	0.738095238095238	0.781385281385281
#306692	#306692	0.242424242424242	0.75974025974026	1	0.227272727272727	0.257575757575758	0.738095238095238	0.781385281385281
#2E628D	#2E628D	0.242424242424242	0.75974025974026	1	0.227272727272727	0.257575757575758	0.738095238095238	0.781385281385281
#2C5E88	#2C5E88	0.242424242424242	0.75974025974026	1	0.227272727272727	0.257575757575758	0.738095238095238	0.781385281385281
#2A5A82	#2A5A82	0.272727272727273	0.75974025974026	1	0.257575757575758	0.287878787878788	0.738095238095238	0.781385281385281
#275278	#275278	0.272727272727273	0.75974025974026	1	0.257575757575758	0.287878787878788	0.738095238095238	0.781385281385281
#254F73	#254F73	0.272727272727273	0.75974025974026	1	0.257575757575758	0.287878787878788	0.738095238095238	0.781385281385281
#254F73	#254F73	0.303030303030303	0.75974025974026	1	0.287878787878788	0.318181818181818	0.738095238095238	0.781385281385281
#234B6E	#234B6E	0.303030303030303	0.75974025974026	1	0.287878787878788	0.318181818181818	0.738095238095238	0.781385281385281
#214769	#214769	0.303030303030303	0.75974025974026	1	0.287878787878788	0.318181818181818	0.738095238095238	0.781385281385281
#1F4364	#1F4364	0.333333333333333	0.75974025974026	1	0.318181818181818	0.348484848484849	0.738095238095238	0.781385281385281
#1F4364	#1F4364	0.333333333333333	0.75974025974026	1	0.318181818181818	0.348484848484849	0.738095238095238	0.781385281385281
#1F4364	#1F4364	0.333333333333333	0.75974025974026	1	0.318181818181818	0.348484848484849	0.738095238095238	0.781385281385281
#214769	#214769	0.363636363636364	0.75974025974026	1	0.348484848484849	0.378787878787879	0.738095238095238	0.781385281385281
#214769	#214769	0.363636363636364	0.75974025974026	1	0.348484848484849	0.378787878787879	0.738095238095238	0.781385281385281
#234B6E	#234B6E	0.363636363636364	0.75974025974026	1	0.348484848484849	0.378787878787879	0.738095238095238	0.781385281385281
#275278	#275278	0.393939393939394	0.75974025974026	1	0.378787878787879	0.409090909090909	0.738095238095238	0.781385281385281
#28567D	#28567D	0.393939393939394	0.75974025974026	1	0.378787878787879	0.409090909090909	0.738095238095238	0.781385281385281
#2A5A82	#2A5A82	0.393939393939394	0.75974025974026	1	0.378787878787879	0.409090909090909	0.738095238095238	0.781385281385281
#2C5E88	#2C5E88	0.424242424242424	0.75974025974026	1	0.409090909090909	0.439393939393939	0.738095238095238	0.781385281385281
#306692	#306692	0.424242424242424	0.75974025974026	1	0.409090909090909	0.439393939393939	0.738095238095238	0.781385281385281
#326A97	#326A97	0.424242424242424	0.75974025974026	1	0.409090909090909	0.439393939393939	0.738095238095238	0.781385281385281
#3672A2	#3672A2	0.454545454545455	0.75974025974026	1	0.439393939393939	0.46969696969697	0.738095238095238	0.781385281385281
#3876A8	#3876A8	0.454545454545455	0.75974025974026	1	0.439393939393939	0.46969696969697	0.738095238095238	0.781385281385281
#3C7EB3	#3C7EB3	0.454545454545455	0.75974025974026	1	0.439393939393939	0.46969696969697	0.738095238095238	0.781385281385281
#3C7EB3	#3C7EB3	0.484848484848485	0.75974025974026	1	0.46969696969697	0.5	0.738095238095238	0.781385281385281
#3E82B8	#3E82B8	0.484848484848485	0.75974025974026	1	0.46969696969697	0.5	0.738095238095238	0.781385281385281
#4086BE	#4086BE	0.484848484848485	0.75974025974026	1	0.46969696969697	0.5	0.738095238095238	0.781385281385281
#4086BE	#4086BE	0.515151515151515	0.75974025974026	1	0.5	0.53030303030303	0.738095238095238	0.781385281385281
#4086BE	#4086BE	0.515151515151515	0.75974025974026	1	0.5	0.53030303030303	0.738095238095238	0.781385281385281
#438AC3	#438AC3	0.515151515151515	0.75974025974026	1	0.5	0.53030303030303	0.738095238095238	0.781385281385281
#438AC3	#438AC3	0.545454545454545	0.75974025974026	1	0.53030303030303	0.560606060606061	0.738095238095238	0.781385281385281
#438AC3	#438AC3	0.545454545454545	0.75974025974026	1	0.53030303030303	0.560606060606061	0.738095238095238	0.781385281385281
#438AC3	#438AC3	0.545454545454545	0.75974025974026	1	0.53030303030303	0.560606060606061	0.738095238095238	0.781385281385281
#438AC3	#438AC3	0.575757575757576	0.75974025974026	1	0.560606060606061	0.590909090909091	0.738095238095238	0.781385281385281
#458EC9	#458EC9	0.575757575757576	0.75974025974026	1	0.560606060606061	0.590909090909091	0.738095238095238	0.781385281385281
#458EC9	#458EC9	0.575757575757576	0.75974025974026	1	0.560606060606061	0.590909090909091	0.738095238095238	0.781385281385281
#4793CE	#4793CE	0.606060606060606	0.75974025974026	1	0.590909090909091	0.621212121212121	0.738095238095238	0.781385281385281
#4997D4	#4997D4	0.606060606060606	0.75974025974026	1	0.590909090909091	0.621212121212121	0.738095238095238	0.781385281385281
#4B9BD9	#4B9BD9	0.606060606060606	0.75974025974026	1	0.590909090909091	0.621212121212121	0.738095238095238	0.781385281385281
#4B9BD9	#4B9BD9	0.636363636363636	0.75974025974026	1	0.621212121212121	0.651515151515151	0.738095238095238	0.781385281385281
#4B9BD9	#4B9BD9	0.636363636363636	0.75974025974026	1	0.621212121212121	0.651515151515151	0.738095238095238	0.781385281385281
#4B9BD9	#4B9BD9	0.636363636363636	0.75974025974026	1	0.621212121212121	0.651515151515151	0.738095238095238	0.781385281385281
#4B9BD9	#4B9BD9	0.666666666666667	0.75974025974026	1	0.651515151515151	0.681818181818182	0.738095238095238	0.781385281385281
#4B9BD9	#4B9BD9	0.666666666666667	0.75974025974026	1	0.651515151515151	0.681818181818182	0.738095238095238	0.781385281385281
#4B9BD9	#4B9BD9	0.666666666666667	0.75974025974026	1	0.651515151515151	0.681818181818182	0.738095238095238	0.781385281385281
#4B9BD9	#4B9BD9	0.696969696969697	0.75974025974026	1	0.681818181818182	0.712121212121212	0.738095238095238	0.781385281385281
#4B9BD9	#4B9BD9	0.696969696969697	0.75974025974026	1	0.681818181818182	0.712121212121212	0.738095238095238	0.781385281385281
#4B9BD9	#4B9BD9	0.696969696969697	0.75974025974026	1	0.681818181818182	0.712121212121212	0.738095238095238	0.781385281385281
#4D9FDF	#4D9FDF	0.727272727272727	0.75974025974026	1	0.712121212121212	0.742424242424242	0.738095238095238	0.781385281385281
#4FA4E5	#4FA4E5	0.727272727272727	0.75974025974026	1	0.712121212121212	0.742424242424242	0.738095238095238	0.781385281385281
#51A8EB	#51A8EB	0.727272727272727	0.75974025974026	1	0.712121212121212	0.742424242424242	0.738095238095238	0.781385281385281
#51A8EB	#51A8EB	0.757575757575758	0.75974025974026	1	0.742424242424242	0.772727272727273	0.738095238095238	0.781385281385281
#51A8EB	#51A8EB	0.757575757575758	0.75974025974026	1	0.742424242424242	0.772727272727273	0.738095238095238	0.781385281385281
#51A8EB	#51A8EB	0.757575757575758	0.75974025974026	1	0.742424242424242	0.772727272727273	0.738095238095238	0.781385281385281
#53ACF1	#53ACF1	0.787878787878788	0.75974025974026	1	0.772727272727273	0.803030303030303	0.738095238095238	0.781385281385281
#53ACF1	#53ACF1	0.787878787878788	0.75974025974026	1	0.772727272727273	0.803030303030303	0.738095238095238	0.781385281385281
#53ACF1	#53ACF1	0.787878787878788	0.75974025974026	1	0.772727272727273	0.803030303030303	0.738095238095238	0.781385281385281
#53ACF1	#53ACF1	0.818181818181818	0.75974025974026	1	0.803030303030303	0.833333333333333	0.738095238095238	0.781385281385281
#53ACF1	#53ACF1	0.818181818181818	0.75974025974026	1	0.803030303030303	0.833333333333333	0.738095238095238	0.781385281385281
#53ACF1	#53ACF1	0.818181818181818	0.75974025974026	1	0.803030303030303	0.833333333333333	0.738095238095238	0.781385281385281
#53ACF1	#53ACF1	0.848484848484849	0.75974025974026	1	0.833333333333333	0.863636363636364	0.738095238095238	0.781385281385281
#53ACF1	#53ACF1	0.848484848484849	0.75974025974026	1	0.833333333333333	0.863636363636364	0.738095238095238	0.781385281385281
#53ACF1	#53ACF1	0.848484848484849	0.75974025974026	1	0.833333333333333	0.863636363636364	0.738095238095238	0.781385281385281
#53ACF1	#53ACF1	0.878787878787879	0.75974025974026	1	0.863636363636364	0.893939393939394	0.738095238095238	0.781385281385281
#53ACF1	#53ACF1	0.878787878787879	0.75974025974026	1	0.863636363636364	0.893939393939394	0.738095238095238	0.781385281385281
#55B1F7	#55B1F7	0.878787878787879	0.75974025974026	1	0.863636363636364	0.893939393939394	0.738095238095238	0.781385281385281
#55B1F7	#55B1F7	0.909090909090909	0.75974025974026	1	0.893939393939394	0.924242424242424	0.738095238095238	0.781385281385281
#55B1F7	#55B1F7	0.909090909090909	0.75974025974026	1	0.893939393939394	0.924242424242424	0.738095238095238	0.781385281385281
#55B1F7	#55B1F7	0.909090909090909	0.75974025974026	1	0.893939393939394	0.924242424242424	0.738095238095238	0.781385281385281
#55B1F7	#55B1F7	0.939393939393939	0.75974025974026	1	0.924242424242424	0.954545454545455	0.738095238095238	0.781385281385281
#4B9BD9	#4B9BD9	0.0606060606060606	0.75974025974026	1	0.0454545454545455	0.0757575757575758	0.738095238095238	0.781385281385281
#4B9BD9	#4B9BD9	0.0606060606060606	0.75974025974026	1	0.0454545454545455	0.0757575757575758	0.738095238095238	0.781385281385281
#4B9BD9	#4B9BD9	0.0909090909090909	0.75974025974026	1	0.0757575757575758	0.106060606060606	0.738095238095238	0.781385281385281
#4B9BD9	#4B9BD9	0.0909090909090909	0.75974025974026	1	0.0757575757575758	0.106060606060606	0.738095238095238	0.781385281385281
#4B9BD9	#4B9BD9	0.0909090909090909	0.75974025974026	1	0.0757575757575758	0.106060606060606	0.738095238095238	0.781385281385281
#4B9BD9	#4B9BD9	0.121212121212121	0.75974025974026	1	0.106060606060606	0.136363636363636	0.738095238095238	0.781385281385281
#4B9BD9	#4B9BD9	0.121212121212121	0.75974025974026	1	0.106060606060606	0.136363636363636	0.738095238095238	0.781385281385281
#4997D4	#4997D4	0.121212121212121	0.75974025974026	1	0.106060606060606	0.136363636363636	0.738095238095238	0.781385281385281
#4793CE	#4793CE	0.151515151515152	0.75974025974026	1	0.136363636363636	0.166666666666667	0.738095238095238	0.781385281385281
#458EC9	#458EC9	0.151515151515152	0.75974025974026	1	0.136363636363636	0.166666666666667	0.738095238095238	0.781385281385281
#438AC3	#438AC3	0.151515151515152	0.75974025974026	1	0.136363636363636	0.166666666666667	0.738095238095238	0.781385281385281
#4086BE	#4086BE	0.181818181818182	0.75974025974026	1	0.166666666666667	0.196969696969697	0.738095238095238	0.781385281385281
#3E82B8	#3E82B8	0.181818181818182	0.75974025974026	1	0.166666666666667	0.196969696969697	0.738095238095238	0.781385281385281
#3C7EB3	#3C7EB3	0.181818181818182	0.75974025974026	1	0.166666666666667	0.196969696969697	0.738095238095238	0.781385281385281
#3A7AAD	#3A7AAD	0.212121212121212	0.75974025974026	1	0.196969696969697	0.227272727272727	0.738095238095238	0.781385281385281
#3672A2	#3672A2	0.212121212121212	0.75974025974026	1	0.196969696969697	0.227272727272727	0.738095238095238	0.781385281385281
#346E9D	#346E9D	0.212121212121212	0.75974025974026	1	0.196969696969697	0.227272727272727	0.738095238095238	0.781385281385281
#326A97	#326A97	0.242424242424242	0.75974025974026	1	0.227272727272727	0.257575757575758	0.738095238095238	0.781385281385281
#306692	#306692	0.242424242424242	0.75974025974026	1	0.227272727272727	0.257575757575758	0.738095238095238	0.781385281385281
#306692	#306692	0.242424242424242	0.75974025974026	1	0.227272727272727	0.257575757575758	0.738095238095238	0.781385281385281
#2E628D	#2E628D	0.272727272727273	0.75974025974026	1	0.257575757575758	0.287878787878788	0.738095238095238	0.781385281385281
#2A5A82	#2A5A82	0.272727272727273	0.75974025974026	1	0.257575757575758	0.287878787878788	0.738095238095238	0.781385281385281
#28567D	#28567D	0.272727272727273	0.75974025974026	1	0.257575757575758	0.287878787878788	0.738095238095238	0.781385281385281
#28567D	#28567D	0.303030303030303	0.75974025974026	1	0.287878787878788	0.318181818181818	0.738095238095238	0.781385281385281
#275278	#275278	0.303030303030303	0.75974025974026	1	0.287878787878788	0.318181818181818	0.738095238095238	0.781385281385281
#254F73	#254F73	0.303030303030303	0.75974025974026	1	0.287878787878788	0.318181818181818	0.738095238095238	0.781385281385281
#234B6E	#234B6E	0.333333333333333	0.75974025974026	1	0.318181818181818	0.348484848484849	0.738095238095238	0.781385281385281
#234B6E	#234B6E	0.333333333333333	0.75974025974026	1	0.318181818181818	0.348484848484849	0.738095238095238	0.781385281385281
#234B6E	#234B6E	0.333333333333333	0.75974025974026	1	0.318181818181818	0.348484848484849	0.738095238095238	0.781385281385281
#214769	#214769	0.363636363636364	0.75974025974026	1	0.348484848484849	0.378787878787879	0.738095238095238	0.781385281385281
#234B6E	#234B6E	0.363636363636364	0.75974025974026	1	0.348484848484849	0.378787878787879	0.738095238095238	0.781385281385281
#275278	#275278	0.363636363636364	0.75974025974026	1	0.348484848484849	0.378787878787879	0.738095238095238	0.781385281385281
#2A5A82	#2A5A82	0.393939393939394	0.75974025974026	1	0.378787878787879	0.409090909090909	0.738095238095238	0.781385281385281
#2C5E88	#2C5E88	0.393939393939394	0.75974025974026	1	0.378787878787879	0.409090909090909	0.738095238095238	0.781385281385281
#2E628D	#2E628D	0.393939393939394	0.75974025974026	1	0.378787878787879	0.409090909090909	0.738095238095238	0.781385281385281
#306692	#306692	0.424242424242424	0.75974025974026	1	0.409090909090909	0.439393939393939	0.738095238095238	0.781385281385281
#326A97	#326A97	0.424242424242424	0.75974025974026	1	0.409090909090909	0.439393939393939	0.738095238095238	0.781385281385281
#3672A2	#3672A2	0.424242424242424	0.75974025974026	1	0.409090909090909	0.439393939393939	0.738095238095238	0.781385281385281
#3876A8	#3876A8	0.454545454545455	0.75974025974026	1	0.439393939393939	0.46969696969697	0.738095238095238	0.781385281385281
#3A7AAD	#3A7AAD	0.454545454545455	0.75974025974026	1	0.439393939393939	0.46969696969697	0.738095238095238	0.781385281385281
#3C7EB3	#3C7EB3	0.454545454545455	0.75974025974026	1	0.439393939393939	0.46969696969697	0.738095238095238	0.781385281385281
#3E82B8	#3E82B8	0.484848484848485	0.75974025974026	1	0.46969696969697	0.5	0.738095238095238	0.781385281385281
#4086BE	#4086BE	0.484848484848485	0.75974025974026	1	0.46969696969697	0.5	0.738095238095238	0.781385281385281
#438AC3	#438AC3	0.484848484848485	0.75974025974026	1	0.46969696969697	0.5	0.738095238095238	0.781385281385281
#438AC3	#438AC3	0.515151515151515	0.75974025974026	1	0.5	0.53030303030303	0.738095238095238	0.781385281385281
#438AC3	#438AC3	0.515151515151515	0.75974025974026	1	0.5	0.53030303030303	0.738095238095238	0.781385281385281
#438AC3	#438AC3	0.515151515151515	0.75974025974026	1	0.5	0.53030303030303	0.738095238095238	0.781385281385281
#438AC3	#438AC3	0.545454545454545	0.75974025974026	1	0.53030303030303	0.560606060606061	0.738095238095238	0.781385281385281
#438AC3	#438AC3	0.545454545454545	0.75974025974026	1	0.53030303030303	0.560606060606061	0.738095238095238	0.781385281385281
#438AC3	#438AC3	0.545454545454545	0.75974025974026	1	0.53030303030303	0.560606060606061	0.738095238095238	0.781385281385281
#458EC9	#458EC9	0.575757575757576	0.75974025974026	1	0.560606060606061	0.590909090909091	0.738095238095238	0.781385281385281
#458EC9	#458EC9	0.575757575757576	0.75974025974026	1	0.560606060606061	0.590909090909091	0.738095238095238	0.781385281385281
#4793CE	#4793CE	0.575757575757576	0.75974025974026	1	0.560606060606061	0.590909090909091	0.738095238095238	0.781385281385281
#4997D4	#4997D4	0.606060606060606	0.75974025974026	1	0.590909090909091	0.621212121212121	0.738095238095238	0.781385281385281
#4B9BD9	#4B9BD9	0.606060606060606	0.75974025974026	1	0.590909090909091	0.621212121212121	0.738095238095238	0.781385281385281
#4B9BD9	#4B9BD9	0.606060606060606	0.75974025974026	1	0.590909090909091	0.621212121212121	0.738095238095238	0.781385281385281
#4B9BD9	#4B9BD9	0.636363636363636	0.75974025974026	1	0.621212121212121	0.651515151515151	0.738095238095238	0.781385281385281
#4B9BD9	#4B9BD9	0.636363636363636	0.75974025974026	1	0.621212121212121	0.651515151515151	0.738095238095238	0.781385281385281
#4B9BD9	#4B9BD9	0.636363636363636	0.75974025974026	1	0.621212121212121	0.651515151515151	0.738095238095238	0.781385281385281
#4B9BD9	#4B9BD9	0.666666666666667	0.75974025974026	1	0.651515151515151	0.681818181818182	0.738095238095238	0.781385281385281
#4B9BD9	#4B9BD9	0.666666666666667	0.75974025974026	1	0.651515151515151	0.681818181818182	0.738095238095238	0.781385281385281
#4D9FDF	#4D9FDF	0.666666666666667	0.75974025974026	1	0.651515151515151	0.681818181818182	0.738095238095238	0.781385281385281
#4D9FDF	#4D9FDF	0.696969696969697	0.75974025974026	1	0.681818181818182	0.712121212121212	0.738095238095238	0.781385281385281
#4D9FDF	#4D9FDF	0.696969696969697	0.75974025974026	1	0.681818181818182	0.712121212121212	0.738095238095238	0.781385281385281
#4D9FDF	#4D9FDF	0.696969696969697	0.75974025974026	1	0.681818181818182	0.712121212121212	0.738095238095238	0.781385281385281
#4FA4E5	#4FA4E5	0.727272727272727	0.75974025974026	1	0.712121212121212	0.742424242424242	0.738095238095238	0.781385281385281
#4FA4E5	#4FA4E5	0.727272727272727	0.75974025974026	1	0.712121212121212	0.742424242424242	0.738095238095238	0.781385281385281
#51A8EB	#51A8EB	0.727272727272727	0.75974025974026	1	0.712121212121212	0.742424242424242	0.738095238095238	0.781385281385281
#51A8EB	#51A8EB	0.757575757575758	0.75974025974026	1	0.742424242424242	0.772727272727273	0.738095238095238	0.781385281385281
#51A8EB	#51A8EB	0.757575757575758	0.75974025974026	1	0.742424242424242	0.772727272727273	0.738095238095238	0.781385281385281
#51A8EB	#51A8EB	0.757575757575758	0.75974025974026	1	0.742424242424242	0.772727272727273	0.738095238095238	0.781385281385281
#53ACF1	#53ACF1	0.787878787878788	0.75974025974026	1	0.772727272727273	0.803030303030303	0.738095238095238	0.781385281385281
#53ACF1	#53ACF1	0.787878787878788	0.75974025974026	1	0.772727272727273	0.803030303030303	0.738095238095238	0.781385281385281
#53ACF1	#53ACF1	0.787878787878788	0.75974025974026	1	0.772727272727273	0.803030303030303	0.738095238095238	0.781385281385281
#53ACF1	#53ACF1	0.818181818181818	0.75974025974026	1	0.803030303030303	0.833333333333333	0.738095238095238	0.781385281385281
#53ACF1	#53ACF1	0.818181818181818	0.75974025974026	1	0.803030303030303	0.833333333333333	0.738095238095238	0.781385281385281
#53ACF1	#53ACF1	0.818181818181818	0.75974025974026	1	0.803030303030303	0.833333333333333	0.738095238095238	0.781385281385281
#53ACF1	#53ACF1	0.848484848484849	0.75974025974026	1	0.833333333333333	0.863636363636364	0.738095238095238	0.781385281385281
#53ACF1	#53ACF1	0.848484848484849	0.75974025974026	1	0.833333333333333	0.863636363636364	0.738095238095238	0.781385281385281
#53ACF1	#53ACF1	0.848484848484849	0.75974025974026	1	0.833333333333333	0.863636363636364	0.738095238095238	0.781385281385281
#53ACF1	#53ACF1	0.878787878787879	0.75974025974026	1	0.863636363636364	0.893939393939394	0.738095238095238	0.781385281385281
#53ACF1	#53ACF1	0.878787878787879	0.75974025974026	1	0.863636363636364	0.893939393939394	0.738095238095238	0.781385281385281
#55B1F7	#55B1F7	0.878787878787879	0.75974025974026	1	0.863636363636364	0.893939393939394	0.738095238095238	0.781385281385281
#55B1F7	#55B1F7	0.909090909090909	0.75974025974026	1	0.893939393939394	0.924242424242424	0.738095238095238	0.781385281385281
#55B1F7	#55B1F7	0.909090909090909	0.75974025974026	1	0.893939393939394	0.924242424242424	0.738095238095238	0.781385281385281
#55B1F7	#55B1F7	0.909090909090909	0.75974025974026	1	0.893939393939394	0.924242424242424	0.738095238095238	0.781385281385281
#55B1F7	#55B1F7	0.939393939393939	0.75974025974026	1	0.924242424242424	0.954545454545455	0.738095238095238	0.781385281385281
#4D9FDF	#4D9FDF	0.0606060606060606	0.803030303030303	1	0.0454545454545455	0.0757575757575758	0.781385281385281	0.824675324675325
#4B9BD9	#4B9BD9	0.0606060606060606	0.803030303030303	1	0.0454545454545455	0.0757575757575758	0.781385281385281	0.824675324675325
#4B9BD9	#4B9BD9	0.0909090909090909	0.803030303030303	1	0.0757575757575758	0.106060606060606	0.781385281385281	0.824675324675325
#4B9BD9	#4B9BD9	0.0909090909090909	0.803030303030303	1	0.0757575757575758	0.106060606060606	0.781385281385281	0.824675324675325
#4B9BD9	#4B9BD9	0.0909090909090909	0.803030303030303	1	0.0757575757575758	0.106060606060606	0.781385281385281	0.824675324675325
#4B9BD9	#4B9BD9	0.121212121212121	0.803030303030303	1	0.106060606060606	0.136363636363636	0.781385281385281	0.824675324675325
#4B9BD9	#4B9BD9	0.121212121212121	0.803030303030303	1	0.106060606060606	0.136363636363636	0.781385281385281	0.824675324675325
#4997D4	#4997D4	0.121212121212121	0.803030303030303	1	0.106060606060606	0.136363636363636	0.781385281385281	0.824675324675325
#4793CE	#4793CE	0.151515151515152	0.803030303030303	1	0.136363636363636	0.166666666666667	0.781385281385281	0.824675324675325
#458EC9	#458EC9	0.151515151515152	0.803030303030303	1	0.136363636363636	0.166666666666667	0.781385281385281	0.824675324675325
#458EC9	#458EC9	0.151515151515152	0.803030303030303	1	0.136363636363636	0.166666666666667	0.781385281385281	0.824675324675325
#438AC3	#438AC3	0.181818181818182	0.803030303030303	1	0.166666666666667	0.196969696969697	0.781385281385281	0.824675324675325
#4086BE	#4086BE	0.181818181818182	0.803030303030303	1	0.166666666666667	0.196969696969697	0.781385281385281	0.824675324675325
#3E82B8	#3E82B8	0.181818181818182	0.803030303030303	1	0.166666666666667	0.196969696969697	0.781385281385281	0.824675324675325
#3C7EB3	#3C7EB3	0.212121212121212	0.803030303030303	1	0.196969696969697	0.227272727272727	0.781385281385281	0.824675324675325
#3A7AAD	#3A7AAD	0.212121212121212	0.803030303030303	1	0.196969696969697	0.227272727272727	0.781385281385281	0.824675324675325
#3876A8	#3876A8	0.212121212121212	0.803030303030303	1	0.196969696969697	0.227272727272727	0.781385281385281	0.824675324675325
#346E9D	#346E9D	0.242424242424242	0.803030303030303	1	0.227272727272727	0.257575757575758	0.781385281385281	0.824675324675325
#346E9D	#346E9D	0.242424242424242	0.803030303030303	1	0.227272727272727	0.257575757575758	0.781385281385281	0.824675324675325
#326A97	#326A97	0.242424242424242	0.803030303030303	1	0.227272727272727	0.257575757575758	0.781385281385281	0.824675324675325
#306692	#306692	0.272727272727273	0.803030303030303	1	0.257575757575758	0.287878787878788	0.781385281385281	0.824675324675325
#306692	#306692	0.272727272727273	0.803030303030303	1	0.257575757575758	0.287878787878788	0.781385281385281	0.824675324675325
#2E628D	#2E628D	0.272727272727273	0.803030303030303	1	0.257575757575758	0.287878787878788	0.781385281385281	0.824675324675325
#2C5E88	#2C5E88	0.303030303030303	0.803030303030303	1	0.287878787878788	0.318181818181818	0.781385281385281	0.824675324675325
#2A5A82	#2A5A82	0.303030303030303	0.803030303030303	1	0.287878787878788	0.318181818181818	0.781385281385281	0.824675324675325
#28567D	#28567D	0.303030303030303	0.803030303030303	1	0.287878787878788	0.318181818181818	0.781385281385281	0.824675324675325
#28567D	#28567D	0.333333333333333	0.803030303030303	1	0.318181818181818	0.348484848484849	0.781385281385281	0.824675324675325
#28567D	#28567D	0.333333333333333	0.803030303030303	1	0.318181818181818	0.348484848484849	0.781385281385281	0.824675324675325
#28567D	#28567D	0.333333333333333	0.803030303030303	1	0.318181818181818	0.348484848484849	0.781385281385281	0.824675324675325
#275278	#275278	0.363636363636364	0.803030303030303	1	0.348484848484849	0.378787878787879	0.781385281385281	0.824675324675325
#28567D	#28567D	0.363636363636364	0.803030303030303	1	0.348484848484849	0.378787878787879	0.781385281385281	0.824675324675325
#2A5A82	#2A5A82	0.363636363636364	0.803030303030303	1	0.348484848484849	0.378787878787879	0.781385281385281	0.824675324675325
#2C5E88	#2C5E88	0.393939393939394	0.803030303030303	1	0.378787878787879	0.409090909090909	0.781385281385281	0.824675324675325
#306692	#306692	0.393939393939394	0.803030303030303	1	0.378787878787879	0.409090909090909	0.781385281385281	0.824675324675325
#326A97	#326A97	0.393939393939394	0.803030303030303	1	0.378787878787879	0.409090909090909	0.781385281385281	0.824675324675325
#346E9D	#346E9D	0.424242424242424	0.803030303030303	1	0.409090909090909	0.439393939393939	0.781385281385281	0.824675324675325
#3672A2	#3672A2	0.424242424242424	0.803030303030303	1	0.409090909090909	0.439393939393939	0.781385281385281	0.824675324675325
#3A7AAD	#3A7AAD	0.424242424242424	0.803030303030303	1	0.409090909090909	0.439393939393939	0.781385281385281	0.824675324675325
#3C7EB3	#3C7EB3	0.454545454545455	0.803030303030303	1	0.439393939393939	0.46969696969697	0.781385281385281	0.824675324675325
#3E82B8	#3E82B8	0.454545454545455	0.803030303030303	1	0.439393939393939	0.46969696969697	0.781385281385281	0.824675324675325
#3E82B8	#3E82B8	0.454545454545455	0.803030303030303	1	0.439393939393939	0.46969696969697	0.781385281385281	0.824675324675325
#4086BE	#4086BE	0.484848484848485	0.803030303030303	1	0.46969696969697	0.5	0.781385281385281	0.824675324675325
#438AC3	#438AC3	0.484848484848485	0.803030303030303	1	0.46969696969697	0.5	0.781385281385281	0.824675324675325
#438AC3	#438AC3	0.484848484848485	0.803030303030303	1	0.46969696969697	0.5	0.781385281385281	0.824675324675325
#438AC3	#438AC3	0.515151515151515	0.803030303030303	1	0.5	0.53030303030303	0.781385281385281	0.824675324675325
#438AC3	#438AC3	0.515151515151515	0.803030303030303	1	0.5	0.53030303030303	0.781385281385281	0.824675324675325
#458EC9	#458EC9	0.515151515151515	0.803030303030303	1	0.5	0.53030303030303	0.781385281385281	0.824675324675325
#458EC9	#458EC9	0.545454545454545	0.803030303030303	1	0.53030303030303	0.560606060606061	0.781385281385281	0.824675324675325
#458EC9	#458EC9	0.545454545454545	0.803030303030303	1	0.53030303030303	0.560606060606061	0.781385281385281	0.824675324675325
#458EC9	#458EC9	0.545454545454545	0.803030303030303	1	0.53030303030303	0.560606060606061	0.781385281385281	0.824675324675325
#458EC9	#458EC9	0.575757575757576	0.803030303030303	1	0.560606060606061	0.590909090909091	0.781385281385281	0.824675324675325
#4793CE	#4793CE	0.575757575757576	0.803030303030303	1	0.560606060606061	0.590909090909091	0.781385281385281	0.824675324675325
#4997D4	#4997D4	0.575757575757576	0.803030303030303	1	0.560606060606061	0.590909090909091	0.781385281385281	0.824675324675325
#4997D4	#4997D4	0.606060606060606	0.803030303030303	1	0.590909090909091	0.621212121212121	0.781385281385281	0.824675324675325
#4B9BD9	#4B9BD9	0.606060606060606	0.803030303030303	1	0.590909090909091	0.621212121212121	0.781385281385281	0.824675324675325
#4B9BD9	#4B9BD9	0.606060606060606	0.803030303030303	1	0.590909090909091	0.621212121212121	0.781385281385281	0.824675324675325
#4B9BD9	#4B9BD9	0.636363636363636	0.803030303030303	1	0.621212121212121	0.651515151515151	0.781385281385281	0.824675324675325
#4B9BD9	#4B9BD9	0.636363636363636	0.803030303030303	1	0.621212121212121	0.651515151515151	0.781385281385281	0.824675324675325
#4D9FDF	#4D9FDF	0.636363636363636	0.803030303030303	1	0.621212121212121	0.651515151515151	0.781385281385281	0.824675324675325
#4D9FDF	#4D9FDF	0.666666666666667	0.803030303030303	1	0.651515151515151	0.681818181818182	0.781385281385281	0.824675324675325
#4D9FDF	#4D9FDF	0.666666666666667	0.803030303030303	1	0.651515151515151	0.681818181818182	0.781385281385281	0.824675324675325
#4D9FDF	#4D9FDF	0.666666666666667	0.803030303030303	1	0.651515151515151	0.681818181818182	0.781385281385281	0.824675324675325
#4FA4E5	#4FA4E5	0.696969696969697	0.803030303030303	1	0.681818181818182	0.712121212121212	0.781385281385281	0.824675324675325
#4FA4E5	#4FA4E5	0.696969696969697	0.803030303030303	1	0.681818181818182	0.712121212121212	0.781385281385281	0.824675324675325
#4FA4E5	#4FA4E5	0.696969696969697	0.803030303030303	1	0.681818181818182	0.712121212121212	0.781385281385281	0.824675324675325
#4FA4E5	#4FA4E5	0.727272727272727	0.803030303030303	1	0.712121212121212	0.742424242424242	0.781385281385281	0.824675324675325
#51A8EB	#51A8EB	0.727272727272727	0.803030303030303	1	0.712121212121212	0.742424242424242	0.781385281385281	0.824675324675325
#51A8EB	#51A8EB	0.727272727272727	0.803030303030303	1	0.712121212121212	0.742424242424242	0.781385281385281	0.824675324675325
#51A8EB	#51A8EB	0.757575757575758	0.803030303030303	1	0.742424242424242	0.772727272727273	0.781385281385281	0.824675324675325
#51A8EB	#51A8EB	0.757575757575758	0.803030303030303	1	0.742424242424242	0.772727272727273	0.781385281385281	0.824675324675325
#51A8EB	#51A8EB	0.757575757575758	0.803030303030303	1	0.742424242424242	0.772727272727273	0.781385281385281	0.824675324675325
#53ACF1	#53ACF1	0.787878787878788	0.803030303030303	1	0.772727272727273	0.803030303030303	0.781385281385281	0.824675324675325
#53ACF1	#53ACF1	0.787878787878788	0.803030303030303	1	0.772727272727273	0.803030303030303	0.781385281385281	0.824675324675325
#53ACF1	#53ACF1	0.787878787878788	0.803030303030303	1	0.772727272727273	0.803030303030303	0.781385281385281	0.824675324675325
#53ACF1	#53ACF1	0.818181818181818	0.803030303030303	1	0.803030303030303	0.833333333333333	0.781385281385281	0.824675324675325
#53ACF1	#53ACF1	0.818181818181818	0.803030303030303	1	0.803030303030303	0.833333333333333	0.781385281385281	0.824675324675325
#53ACF1	#53ACF1	0.818181818181818	0.803030303030303	1	0.803030303030303	0.833333333333333	0.781385281385281	0.824675324675325
#53ACF1	#53ACF1	0.848484848484849	0.803030303030303	1	0.833333333333333	0.863636363636364	0.781385281385281	0.824675324675325
#53ACF1	#53ACF1	0.848484848484849	0.803030303030303	1	0.833333333333333	0.863636363636364	0.781385281385281	0.824675324675325
#53ACF1	#53ACF1	0.848484848484849	0.803030303030303	1	0.833333333333333	0.863636363636364	0.781385281385281	0.824675324675325
#53ACF1	#53ACF1	0.878787878787879	0.803030303030303	1	0.863636363636364	0.893939393939394	0.781385281385281	0.824675324675325
#55B1F7	#55B1F7	0.878787878787879	0.803030303030303	1	0.863636363636364	0.893939393939394	0.781385281385281	0.824675324675325
#55B1F7	#55B1F7	0.878787878787879	0.803030303030303	1	0.863636363636364	0.893939393939394	0.781385281385281	0.824675324675325
#55B1F7	#55B1F7	0.909090909090909	0.803030303030303	1	0.893939393939394	0.924242424242424	0.781385281385281	0.824675324675325
#55B1F7	#55B1F7	0.909090909090909	0.803030303030303	1	0.893939393939394	0.924242424242424	0.781385281385281	0.824675324675325
#55B1F7	#55B1F7	0.909090909090909	0.803030303030303	1	0.893939393939394	0.924242424242424	0.781385281385281	0.824675324675325
#55B1F7	#55B1F7	0.939393939393939	0.803030303030303	1	0.924242424242424	0.954545454545455	0.781385281385281	0.824675324675325
#4D9FDF	#4D9FDF	0.0606060606060606	0.803030303030303	1	0.0454545454545455	0.0757575757575758	0.781385281385281	0.824675324675325
#4B9BD9	#4B9BD9	0.0606060606060606	0.803030303030303	1	0.0454545454545455	0.0757575757575758	0.781385281385281	0.824675324675325
#4B9BD9	#4B9BD9	0.0909090909090909	0.803030303030303	1	0.0757575757575758	0.106060606060606	0.781385281385281	0.824675324675325
#4B9BD9	#4B9BD9	0.0909090909090909	0.803030303030303	1	0.0757575757575758	0.106060606060606	0.781385281385281	0.824675324675325
#4B9BD9	#4B9BD9	0.0909090909090909	0.803030303030303	1	0.0757575757575758	0.106060606060606	0.781385281385281	0.824675324675325
#4B9BD9	#4B9BD9	0.121212121212121	0.803030303030303	1	0.106060606060606	0.136363636363636	0.781385281385281	0.824675324675325
#4B9BD9	#4B9BD9	0.121212121212121	0.803030303030303	1	0.106060606060606	0.136363636363636	0.781385281385281	0.824675324675325
#4997D4	#4997D4	0.121212121212121	0.803030303030303	1	0.106060606060606	0.136363636363636	0.781385281385281	0.824675324675325
#4793CE	#4793CE	0.151515151515152	0.803030303030303	1	0.136363636363636	0.166666666666667	0.781385281385281	0.824675324675325
#458EC9	#458EC9	0.151515151515152	0.803030303030303	1	0.136363636363636	0.166666666666667	0.781385281385281	0.824675324675325
#458EC9	#458EC9	0.151515151515152	0.803030303030303	1	0.136363636363636	0.166666666666667	0.781385281385281	0.824675324675325
#458EC9	#458EC9	0.181818181818182	0.803030303030303	1	0.166666666666667	0.196969696969697	0.781385281385281	0.824675324675325
#438AC3	#438AC3	0.181818181818182	0.803030303030303	1	0.166666666666667	0.196969696969697	0.781385281385281	0.824675324675325
#4086BE	#4086BE	0.181818181818182	0.803030303030303	1	0.166666666666667	0.196969696969697	0.781385281385281	0.824675324675325
#3E82B8	#3E82B8	0.212121212121212	0.803030303030303	1	0.196969696969697	0.227272727272727	0.781385281385281	0.824675324675325
#3C7EB3	#3C7EB3	0.212121212121212	0.803030303030303	1	0.196969696969697	0.227272727272727	0.781385281385281	0.824675324675325
#3C7EB3	#3C7EB3	0.212121212121212	0.803030303030303	1	0.196969696969697	0.227272727272727	0.781385281385281	0.824675324675325
#3A7AAD	#3A7AAD	0.242424242424242	0.803030303030303	1	0.227272727272727	0.257575757575758	0.781385281385281	0.824675324675325
#3672A2	#3672A2	0.242424242424242	0.803030303030303	1	0.227272727272727	0.257575757575758	0.781385281385281	0.824675324675325
#346E9D	#346E9D	0.242424242424242	0.803030303030303	1	0.227272727272727	0.257575757575758	0.781385281385281	0.824675324675325
#326A97	#326A97	0.272727272727273	0.803030303030303	1	0.257575757575758	0.287878787878788	0.781385281385281	0.824675324675325
#326A97	#326A97	0.272727272727273	0.803030303030303	1	0.257575757575758	0.287878787878788	0.781385281385281	0.824675324675325
#306692	#306692	0.272727272727273	0.803030303030303	1	0.257575757575758	0.287878787878788	0.781385281385281	0.824675324675325
#306692	#306692	0.303030303030303	0.803030303030303	1	0.287878787878788	0.318181818181818	0.781385281385281	0.824675324675325
#2E628D	#2E628D	0.303030303030303	0.803030303030303	1	0.287878787878788	0.318181818181818	0.781385281385281	0.824675324675325
#2E628D	#2E628D	0.303030303030303	0.803030303030303	1	0.287878787878788	0.318181818181818	0.781385281385281	0.824675324675325
#2C5E88	#2C5E88	0.333333333333333	0.803030303030303	1	0.318181818181818	0.348484848484849	0.781385281385281	0.824675324675325
#2C5E88	#2C5E88	0.333333333333333	0.803030303030303	1	0.318181818181818	0.348484848484849	0.781385281385281	0.824675324675325
#2C5E88	#2C5E88	0.333333333333333	0.803030303030303	1	0.318181818181818	0.348484848484849	0.781385281385281	0.824675324675325
#2C5E88	#2C5E88	0.363636363636364	0.803030303030303	1	0.348484848484849	0.378787878787879	0.781385281385281	0.824675324675325
#2E628D	#2E628D	0.363636363636364	0.803030303030303	1	0.348484848484849	0.378787878787879	0.781385281385281	0.824675324675325
#306692	#306692	0.363636363636364	0.803030303030303	1	0.348484848484849	0.378787878787879	0.781385281385281	0.824675324675325
#326A97	#326A97	0.393939393939394	0.803030303030303	1	0.378787878787879	0.409090909090909	0.781385281385281	0.824675324675325
#346E9D	#346E9D	0.393939393939394	0.803030303030303	1	0.378787878787879	0.409090909090909	0.781385281385281	0.824675324675325
#3672A2	#3672A2	0.393939393939394	0.803030303030303	1	0.378787878787879	0.409090909090909	0.781385281385281	0.824675324675325
#3876A8	#3876A8	0.424242424242424	0.803030303030303	1	0.409090909090909	0.439393939393939	0.781385281385281	0.824675324675325
#3C7EB3	#3C7EB3	0.424242424242424	0.803030303030303	1	0.409090909090909	0.439393939393939	0.781385281385281	0.824675324675325
#3E82B8	#3E82B8	0.424242424242424	0.803030303030303	1	0.409090909090909	0.439393939393939	0.781385281385281	0.824675324675325
#3E82B8	#3E82B8	0.454545454545455	0.803030303030303	1	0.439393939393939	0.46969696969697	0.781385281385281	0.824675324675325
#4086BE	#4086BE	0.454545454545455	0.803030303030303	1	0.439393939393939	0.46969696969697	0.781385281385281	0.824675324675325
#438AC3	#438AC3	0.454545454545455	0.803030303030303	1	0.439393939393939	0.46969696969697	0.781385281385281	0.824675324675325
#438AC3	#438AC3	0.484848484848485	0.803030303030303	1	0.46969696969697	0.5	0.781385281385281	0.824675324675325
#438AC3	#438AC3	0.484848484848485	0.803030303030303	1	0.46969696969697	0.5	0.781385281385281	0.824675324675325
#458EC9	#458EC9	0.484848484848485	0.803030303030303	1	0.46969696969697	0.5	0.781385281385281	0.824675324675325
#458EC9	#458EC9	0.515151515151515	0.803030303030303	1	0.5	0.53030303030303	0.781385281385281	0.824675324675325
#458EC9	#458EC9	0.515151515151515	0.803030303030303	1	0.5	0.53030303030303	0.781385281385281	0.824675324675325
#458EC9	#458EC9	0.515151515151515	0.803030303030303	1	0.5	0.53030303030303	0.781385281385281	0.824675324675325
#458EC9	#458EC9	0.545454545454545	0.803030303030303	1	0.53030303030303	0.560606060606061	0.781385281385281	0.824675324675325
#4793CE	#4793CE	0.545454545454545	0.803030303030303	1	0.53030303030303	0.560606060606061	0.781385281385281	0.824675324675325
#4793CE	#4793CE	0.545454545454545	0.803030303030303	1	0.53030303030303	0.560606060606061	0.781385281385281	0.824675324675325
#4793CE	#4793CE	0.575757575757576	0.803030303030303	1	0.560606060606061	0.590909090909091	0.781385281385281	0.824675324675325
#4997D4	#4997D4	0.575757575757576	0.803030303030303	1	0.560606060606061	0.590909090909091	0.781385281385281	0.824675324675325
#4997D4	#4997D4	0.575757575757576	0.803030303030303	1	0.560606060606061	0.590909090909091	0.781385281385281	0.824675324675325
#4B9BD9	#4B9BD9	0.606060606060606	0.803030303030303	1	0.590909090909091	0.621212121212121	0.781385281385281	0.824675324675325
#4B9BD9	#4B9BD9	0.606060606060606	0.803030303030303	1	0.590909090909091	0.621212121212121	0.781385281385281	0.824675324675325
#4B9BD9	#4B9BD9	0.606060606060606	0.803030303030303	1	0.590909090909091	0.621212121212121	0.781385281385281	0.824675324675325
#4D9FDF	#4D9FDF	0.636363636363636	0.803030303030303	1	0.621212121212121	0.651515151515151	0.781385281385281	0.824675324675325
#4D9FDF	#4D9FDF	0.636363636363636	0.803030303030303	1	0.621212121212121	0.651515151515151	0.781385281385281	0.824675324675325
#4D9FDF	#4D9FDF	0.636363636363636	0.803030303030303	1	0.621212121212121	0.651515151515151	0.781385281385281	0.824675324675325
#4D9FDF	#4D9FDF	0.666666666666667	0.803030303030303	1	0.651515151515151	0.681818181818182	0.781385281385281	0.824675324675325
#4FA4E5	#4FA4E5	0.666666666666667	0.803030303030303	1	0.651515151515151	0.681818181818182	0.781385281385281	0.824675324675325
#4FA4E5	#4FA4E5	0.666666666666667	0.803030303030303	1	0.651515151515151	0.681818181818182	0.781385281385281	0.824675324675325
#4FA4E5	#4FA4E5	0.696969696969697	0.803030303030303	1	0.681818181818182	0.712121212121212	0.781385281385281	0.824675324675325
#51A8EB	#51A8EB	0.696969696969697	0.803030303030303	1	0.681818181818182	0.712121212121212	0.781385281385281	0.824675324675325
#51A8EB	#51A8EB	0.696969696969697	0.803030303030303	1	0.681818181818182	0.712121212121212	0.781385281385281	0.824675324675325
#51A8EB	#51A8EB	0.727272727272727	0.803030303030303	1	0.712121212121212	0.742424242424242	0.781385281385281	0.824675324675325
#51A8EB	#51A8EB	0.727272727272727	0.803030303030303	1	0.712121212121212	0.742424242424242	0.781385281385281	0.824675324675325
#51A8EB	#51A8EB	0.727272727272727	0.803030303030303	1	0.712121212121212	0.742424242424242	0.781385281385281	0.824675324675325
#51A8EB	#51A8EB	0.757575757575758	0.803030303030303	1	0.742424242424242	0.772727272727273	0.781385281385281	0.824675324675325
#51A8EB	#51A8EB	0.757575757575758	0.803030303030303	1	0.742424242424242	0.772727272727273	0.781385281385281	0.824675324675325
#51A8EB	#51A8EB	0.757575757575758	0.803030303030303	1	0.742424242424242	0.772727272727273	0.781385281385281	0.824675324675325
#53ACF1	#53ACF1	0.787878787878788	0.803030303030303	1	0.772727272727273	0.803030303030303	0.781385281385281	0.824675324675325
#53ACF1	#53ACF1	0.787878787878788	0.803030303030303	1	0.772727272727273	0.803030303030303	0.781385281385281	0.824675324675325
#53ACF1	#53ACF1	0.787878787878788	0.803030303030303	1	0.772727272727273	0.803030303030303	0.781385281385281	0.824675324675325
#53ACF1	#53ACF1	0.818181818181818	0.803030303030303	1	0.803030303030303	0.833333333333333	0.781385281385281	0.824675324675325
#53ACF1	#53ACF1	0.818181818181818	0.803030303030303	1	0.803030303030303	0.833333333333333	0.781385281385281	0.824675324675325
#53ACF1	#53ACF1	0.818181818181818	0.803030303030303	1	0.803030303030303	0.833333333333333	0.781385281385281	0.824675324675325
#53ACF1	#53ACF1	0.848484848484849	0.803030303030303	1	0.833333333333333	0.863636363636364	0.781385281385281	0.824675324675325
#53ACF1	#53ACF1	0.848484848484849	0.803030303030303	1	0.833333333333333	0.863636363636364	0.781385281385281	0.824675324675325
#53ACF1	#53ACF1	0.848484848484849	0.803030303030303	1	0.833333333333333	0.863636363636364	0.781385281385281	0.824675324675325
#53ACF1	#53ACF1	0.878787878787879	0.803030303030303	1	0.863636363636364	0.893939393939394	0.781385281385281	0.824675324675325
#55B1F7	#55B1F7	0.878787878787879	0.803030303030303	1	0.863636363636364	0.893939393939394	0.781385281385281	0.824675324675325
#55B1F7	#55B1F7	0.878787878787879	0.803030303030303	1	0.863636363636364	0.893939393939394	0.781385281385281	0.824675324675325
#55B1F7	#55B1F7	0.909090909090909	0.803030303030303	1	0.893939393939394	0.924242424242424	0.781385281385281	0.824675324675325
#55B1F7	#55B1F7	0.909090909090909	0.803030303030303	1	0.893939393939394	0.924242424242424	0.781385281385281	0.824675324675325
#55B1F7	#55B1F7	0.909090909090909	0.803030303030303	1	0.893939393939394	0.924242424242424	0.781385281385281	0.824675324675325
#55B1F7	#55B1F7	0.939393939393939	0.803030303030303	1	0.924242424242424	0.954545454545455	0.781385281385281	0.824675324675325
#4D9FDF	#4D9FDF	0.0606060606060606	0.803030303030303	1	0.0454545454545455	0.0757575757575758	0.781385281385281	0.824675324675325
#4B9BD9	#4B9BD9	0.0606060606060606	0.803030303030303	1	0.0454545454545455	0.0757575757575758	0.781385281385281	0.824675324675325
#4B9BD9	#4B9BD9	0.0909090909090909	0.803030303030303	1	0.0757575757575758	0.106060606060606	0.781385281385281	0.824675324675325
#4B9BD9	#4B9BD9	0.0909090909090909	0.803030303030303	1	0.0757575757575758	0.106060606060606	0.781385281385281	0.824675324675325
#4B9BD9	#4B9BD9	0.0909090909090909	0.803030303030303	1	0.0757575757575758	0.106060606060606	0.781385281385281	0.824675324675325
#4B9BD9	#4B9BD9	0.121212121212121	0.803030303030303	1	0.106060606060606	0.136363636363636	0.781385281385281	0.824675324675325
#4997D4	#4997D4	0.121212121212121	0.803030303030303	1	0.106060606060606	0.136363636363636	0.781385281385281	0.824675324675325
#4997D4	#4997D4	0.121212121212121	0.803030303030303	1	0.106060606060606	0.136363636363636	0.781385281385281	0.824675324675325
#4793CE	#4793CE	0.151515151515152	0.803030303030303	1	0.136363636363636	0.166666666666667	0.781385281385281	0.824675324675325
#4793CE	#4793CE	0.151515151515152	0.803030303030303	1	0.136363636363636	0.166666666666667	0.781385281385281	0.824675324675325
#4793CE	#4793CE	0.151515151515152	0.803030303030303	1	0.136363636363636	0.166666666666667	0.781385281385281	0.824675324675325
#458EC9	#458EC9	0.181818181818182	0.803030303030303	1	0.166666666666667	0.196969696969697	0.781385281385281	0.824675324675325
#458EC9	#458EC9	0.181818181818182	0.803030303030303	1	0.166666666666667	0.196969696969697	0.781385281385281	0.824675324675325
#458EC9	#458EC9	0.181818181818182	0.803030303030303	1	0.166666666666667	0.196969696969697	0.781385281385281	0.824675324675325
#438AC3	#438AC3	0.212121212121212	0.803030303030303	1	0.196969696969697	0.227272727272727	0.781385281385281	0.824675324675325
#4086BE	#4086BE	0.212121212121212	0.803030303030303	1	0.196969696969697	0.227272727272727	0.781385281385281	0.824675324675325
#4086BE	#4086BE	0.212121212121212	0.803030303030303	1	0.196969696969697	0.227272727272727	0.781385281385281	0.824675324675325
#3E82B8	#3E82B8	0.242424242424242	0.803030303030303	1	0.227272727272727	0.257575757575758	0.781385281385281	0.824675324675325
#3C7EB3	#3C7EB3	0.242424242424242	0.803030303030303	1	0.227272727272727	0.257575757575758	0.781385281385281	0.824675324675325
#3876A8	#3876A8	0.242424242424242	0.803030303030303	1	0.227272727272727	0.257575757575758	0.781385281385281	0.824675324675325
#3672A2	#3672A2	0.272727272727273	0.803030303030303	1	0.257575757575758	0.287878787878788	0.781385281385281	0.824675324675325
#346E9D	#346E9D	0.272727272727273	0.803030303030303	1	0.257575757575758	0.287878787878788	0.781385281385281	0.824675324675325
#346E9D	#346E9D	0.272727272727273	0.803030303030303	1	0.257575757575758	0.287878787878788	0.781385281385281	0.824675324675325
#326A97	#326A97	0.303030303030303	0.803030303030303	1	0.287878787878788	0.318181818181818	0.781385281385281	0.824675324675325
#326A97	#326A97	0.303030303030303	0.803030303030303	1	0.287878787878788	0.318181818181818	0.781385281385281	0.824675324675325
#326A97	#326A97	0.303030303030303	0.803030303030303	1	0.287878787878788	0.318181818181818	0.781385281385281	0.824675324675325
#306692	#306692	0.333333333333333	0.803030303030303	1	0.318181818181818	0.348484848484849	0.781385281385281	0.824675324675325
#306692	#306692	0.333333333333333	0.803030303030303	1	0.318181818181818	0.348484848484849	0.781385281385281	0.824675324675325
#306692	#306692	0.333333333333333	0.803030303030303	1	0.318181818181818	0.348484848484849	0.781385281385281	0.824675324675325
#306692	#306692	0.363636363636364	0.803030303030303	1	0.348484848484849	0.378787878787879	0.781385281385281	0.824675324675325
#326A97	#326A97	0.363636363636364	0.803030303030303	1	0.348484848484849	0.378787878787879	0.781385281385281	0.824675324675325
#326A97	#326A97	0.363636363636364	0.803030303030303	1	0.348484848484849	0.378787878787879	0.781385281385281	0.824675324675325
#3672A2	#3672A2	0.393939393939394	0.803030303030303	1	0.378787878787879	0.409090909090909	0.781385281385281	0.824675324675325
#3672A2	#3672A2	0.393939393939394	0.803030303030303	1	0.378787878787879	0.409090909090909	0.781385281385281	0.824675324675325
#3876A8	#3876A8	0.393939393939394	0.803030303030303	1	0.378787878787879	0.409090909090909	0.781385281385281	0.824675324675325
#3C7EB3	#3C7EB3	0.424242424242424	0.803030303030303	1	0.409090909090909	0.439393939393939	0.781385281385281	0.824675324675325
#3E82B8	#3E82B8	0.424242424242424	0.803030303030303	1	0.409090909090909	0.439393939393939	0.781385281385281	0.824675324675325
#4086BE	#4086BE	0.424242424242424	0.803030303030303	1	0.409090909090909	0.439393939393939	0.781385281385281	0.824675324675325
#4086BE	#4086BE	0.454545454545455	0.803030303030303	1	0.439393939393939	0.46969696969697	0.781385281385281	0.824675324675325
#438AC3	#438AC3	0.454545454545455	0.803030303030303	1	0.439393939393939	0.46969696969697	0.781385281385281	0.824675324675325
#458EC9	#458EC9	0.454545454545455	0.803030303030303	1	0.439393939393939	0.46969696969697	0.781385281385281	0.824675324675325
#458EC9	#458EC9	0.484848484848485	0.803030303030303	1	0.46969696969697	0.5	0.781385281385281	0.824675324675325
#458EC9	#458EC9	0.484848484848485	0.803030303030303	1	0.46969696969697	0.5	0.781385281385281	0.824675324675325
#458EC9	#458EC9	0.484848484848485	0.803030303030303	1	0.46969696969697	0.5	0.781385281385281	0.824675324675325
#4793CE	#4793CE	0.515151515151515	0.803030303030303	1	0.5	0.53030303030303	0.781385281385281	0.824675324675325
#4793CE	#4793CE	0.515151515151515	0.803030303030303	1	0.5	0.53030303030303	0.781385281385281	0.824675324675325
#4793CE	#4793CE	0.515151515151515	0.803030303030303	1	0.5	0.53030303030303	0.781385281385281	0.824675324675325
#4793CE	#4793CE	0.545454545454545	0.803030303030303	1	0.53030303030303	0.560606060606061	0.781385281385281	0.824675324675325
#4793CE	#4793CE	0.545454545454545	0.803030303030303	1	0.53030303030303	0.560606060606061	0.781385281385281	0.824675324675325
#4997D4	#4997D4	0.545454545454545	0.803030303030303	1	0.53030303030303	0.560606060606061	0.781385281385281	0.824675324675325
#4997D4	#4997D4	0.575757575757576	0.803030303030303	1	0.560606060606061	0.590909090909091	0.781385281385281	0.824675324675325
#4997D4	#4997D4	0.575757575757576	0.803030303030303	1	0.560606060606061	0.590909090909091	0.781385281385281	0.824675324675325
#4B9BD9	#4B9BD9	0.575757575757576	0.803030303030303	1	0.560606060606061	0.590909090909091	0.781385281385281	0.824675324675325
#4B9BD9	#4B9BD9	0.606060606060606	0.803030303030303	1	0.590909090909091	0.621212121212121	0.781385281385281	0.824675324675325
#4B9BD9	#4B9BD9	0.606060606060606	0.803030303030303	1	0.590909090909091	0.621212121212121	0.781385281385281	0.824675324675325
#4D9FDF	#4D9FDF	0.606060606060606	0.803030303030303	1	0.590909090909091	0.621212121212121	0.781385281385281	0.824675324675325
#4D9FDF	#4D9FDF	0.636363636363636	0.803030303030303	1	0.621212121212121	0.651515151515151	0.781385281385281	0.824675324675325
#4D9FDF	#4D9FDF	0.636363636363636	0.803030303030303	1	0.621212121212121	0.651515151515151	0.781385281385281	0.824675324675325
#4D9FDF	#4D9FDF	0.636363636363636	0.803030303030303	1	0.621212121212121	0.651515151515151	0.781385281385281	0.824675324675325
#4FA4E5	#4FA4E5	0.666666666666667	0.803030303030303	1	0.651515151515151	0.681818181818182	0.781385281385281	0.824675324675325
#4FA4E5	#4FA4E5	0.666666666666667	0.803030303030303	1	0.651515151515151	0.681818181818182	0.781385281385281	0.824675324675325
#4FA4E5	#4FA4E5	0.666666666666667	0.803030303030303	1	0.651515151515151	0.681818181818182	0.781385281385281	0.824675324675325
#4FA4E5	#4FA4E5	0.696969696969697	0.803030303030303	1	0.681818181818182	0.712121212121212	0.781385281385281	0.824675324675325
#4FA4E5	#4FA4E5	0.696969696969697	0.803030303030303	1	0.681818181818182	0.712121212121212	0.781385281385281	0.824675324675325
#4FA4E5	#4FA4E5	0.696969696969697	0.803030303030303	1	0.681818181818182	0.712121212121212	0.781385281385281	0.824675324675325
#51A8EB	#51A8EB	0.727272727272727	0.803030303030303	1	0.712121212121212	0.742424242424242	0.781385281385281	0.824675324675325
#51A8EB	#51A8EB	0.727272727272727	0.803030303030303	1	0.712121212121212	0.742424242424242	0.781385281385281	0.824675324675325
#51A8EB	#51A8EB	0.727272727272727	0.803030303030303	1	0.712121212121212	0.742424242424242	0.781385281385281	0.824675324675325
#51A8EB	#51A8EB	0.757575757575758	0.803030303030303	1	0.742424242424242	0.772727272727273	0.781385281385281	0.824675324675325
#51A8EB	#51A8EB	0.757575757575758	0.803030303030303	1	0.742424242424242	0.772727272727273	0.781385281385281	0.824675324675325
#53ACF1	#53ACF1	0.757575757575758	0.803030303030303	1	0.742424242424242	0.772727272727273	0.781385281385281	0.824675324675325
#53ACF1	#53ACF1	0.787878787878788	0.803030303030303	1	0.772727272727273	0.803030303030303	0.781385281385281	0.824675324675325
#53ACF1	#53ACF1	0.787878787878788	0.803030303030303	1	0.772727272727273	0.803030303030303	0.781385281385281	0.824675324675325
#53ACF1	#53ACF1	0.787878787878788	0.803030303030303	1	0.772727272727273	0.803030303030303	0.781385281385281	0.824675324675325
#53ACF1	#53ACF1	0.818181818181818	0.803030303030303	1	0.803030303030303	0.833333333333333	0.781385281385281	0.824675324675325
#53ACF1	#53ACF1	0.818181818181818	0.803030303030303	1	0.803030303030303	0.833333333333333	0.781385281385281	0.824675324675325
#53ACF1	#53ACF1	0.818181818181818	0.803030303030303	1	0.803030303030303	0.833333333333333	0.781385281385281	0.824675324675325
#53ACF1	#53ACF1	0.848484848484849	0.803030303030303	1	0.833333333333333	0.863636363636364	0.781385281385281	0.824675324675325
#53ACF1	#53ACF1	0.848484848484849	0.803030303030303	1	0.833333333333333	0.863636363636364	0.781385281385281	0.824675324675325
#53ACF1	#53ACF1	0.848484848484849	0.803030303030303	1	0.833333333333333	0.863636363636364	0.781385281385281	0.824675324675325
#53ACF1	#53ACF1	0.878787878787879	0.803030303030303	1	0.863636363636364	0.893939393939394	0.781385281385281	0.824675324675325
#55B1F7	#55B1F7	0.878787878787879	0.803030303030303	1	0.863636363636364	0.893939393939394	0.781385281385281	0.824675324675325
#55B1F7	#55B1F7	0.878787878787879	0.803030303030303	1	0.863636363636364	0.893939393939394	0.781385281385281	0.824675324675325
#55B1F7	#55B1F7	0.909090909090909	0.803030303030303	1	0.893939393939394	0.924242424242424	0.781385281385281	0.824675324675325
#55B1F7	#55B1F7	0.909090909090909	0.803030303030303	1	0.893939393939394	0.924242424242424	0.781385281385281	0.824675324675325
#55B1F7	#55B1F7	0.909090909090909	0.803030303030303	1	0.893939393939394	0.924242424242424	0.781385281385281	0.824675324675325
#55B1F7	#55B1F7	0.939393939393939	0.803030303030303	1	0.924242424242424	0.954545454545455	0.781385281385281	0.824675324675325
#4D9FDF	#4D9FDF	0.0606060606060606	0.846320346320346	1	0.0454545454545455	0.0757575757575758	0.824675324675325	0.867965367965368
#4D9FDF	#4D9FDF	0.0606060606060606	0.846320346320346	1	0.0454545454545455	0.0757575757575758	0.824675324675325	0.867965367965368
#4B9BD9	#4B9BD9	0.0909090909090909	0.846320346320346	1	0.0757575757575758	0.106060606060606	0.824675324675325	0.867965367965368
#4B9BD9	#4B9BD9	0.0909090909090909	0.846320346320346	1	0.0757575757575758	0.106060606060606	0.824675324675325	0.867965367965368
#4B9BD9	#4B9BD9	0.0909090909090909	0.846320346320346	1	0.0757575757575758	0.106060606060606	0.824675324675325	0.867965367965368
#4B9BD9	#4B9BD9	0.121212121212121	0.846320346320346	1	0.106060606060606	0.136363636363636	0.824675324675325	0.867965367965368
#4B9BD9	#4B9BD9	0.121212121212121	0.846320346320346	1	0.106060606060606	0.136363636363636	0.824675324675325	0.867965367965368
#4B9BD9	#4B9BD9	0.121212121212121	0.846320346320346	1	0.106060606060606	0.136363636363636	0.824675324675325	0.867965367965368
#4997D4	#4997D4	0.151515151515152	0.846320346320346	1	0.136363636363636	0.166666666666667	0.824675324675325	0.867965367965368
#4997D4	#4997D4	0.151515151515152	0.846320346320346	1	0.136363636363636	0.166666666666667	0.824675324675325	0.867965367965368
#4793CE	#4793CE	0.151515151515152	0.846320346320346	1	0.136363636363636	0.166666666666667	0.824675324675325	0.867965367965368
#4793CE	#4793CE	0.181818181818182	0.846320346320346	1	0.166666666666667	0.196969696969697	0.824675324675325	0.867965367965368
#4793CE	#4793CE	0.181818181818182	0.846320346320346	1	0.166666666666667	0.196969696969697	0.824675324675325	0.867965367965368
#458EC9	#458EC9	0.181818181818182	0.846320346320346	1	0.166666666666667	0.196969696969697	0.824675324675325	0.867965367965368
#458EC9	#458EC9	0.212121212121212	0.846320346320346	1	0.196969696969697	0.227272727272727	0.824675324675325	0.867965367965368
#438AC3	#438AC3	0.212121212121212	0.846320346320346	1	0.196969696969697	0.227272727272727	0.824675324675325	0.867965367965368
#438AC3	#438AC3	0.212121212121212	0.846320346320346	1	0.196969696969697	0.227272727272727	0.824675324675325	0.867965367965368
#438AC3	#438AC3	0.242424242424242	0.846320346320346	1	0.227272727272727	0.257575757575758	0.824675324675325	0.867965367965368
#4086BE	#4086BE	0.242424242424242	0.846320346320346	1	0.227272727272727	0.257575757575758	0.824675324675325	0.867965367965368
#3C7EB3	#3C7EB3	0.242424242424242	0.846320346320346	1	0.227272727272727	0.257575757575758	0.824675324675325	0.867965367965368
#3A7AAD	#3A7AAD	0.272727272727273	0.846320346320346	1	0.257575757575758	0.287878787878788	0.824675324675325	0.867965367965368
#3876A8	#3876A8	0.272727272727273	0.846320346320346	1	0.257575757575758	0.287878787878788	0.824675324675325	0.867965367965368
#3672A2	#3672A2	0.272727272727273	0.846320346320346	1	0.257575757575758	0.287878787878788	0.824675324675325	0.867965367965368
#3672A2	#3672A2	0.303030303030303	0.846320346320346	1	0.287878787878788	0.318181818181818	0.824675324675325	0.867965367965368
#3672A2	#3672A2	0.303030303030303	0.846320346320346	1	0.287878787878788	0.318181818181818	0.824675324675325	0.867965367965368
#3672A2	#3672A2	0.303030303030303	0.846320346320346	1	0.287878787878788	0.318181818181818	0.824675324675325	0.867965367965368
#3672A2	#3672A2	0.333333333333333	0.846320346320346	1	0.318181818181818	0.348484848484849	0.824675324675325	0.867965367965368
#346E9D	#346E9D	0.333333333333333	0.846320346320346	1	0.318181818181818	0.348484848484849	0.824675324675325	0.867965367965368
#346E9D	#346E9D	0.333333333333333	0.846320346320346	1	0.318181818181818	0.348484848484849	0.824675324675325	0.867965367965368
#346E9D	#346E9D	0.363636363636364	0.846320346320346	1	0.348484848484849	0.378787878787879	0.824675324675325	0.867965367965368
#346E9D	#346E9D	0.363636363636364	0.846320346320346	1	0.348484848484849	0.378787878787879	0.824675324675325	0.867965367965368
#3672A2	#3672A2	0.363636363636364	0.846320346320346	1	0.348484848484849	0.378787878787879	0.824675324675325	0.867965367965368
#3876A8	#3876A8	0.393939393939394	0.846320346320346	1	0.378787878787879	0.409090909090909	0.824675324675325	0.867965367965368
#3A7AAD	#3A7AAD	0.393939393939394	0.846320346320346	1	0.378787878787879	0.409090909090909	0.824675324675325	0.867965367965368
#3C7EB3	#3C7EB3	0.393939393939394	0.846320346320346	1	0.378787878787879	0.409090909090909	0.824675324675325	0.867965367965368
#3E82B8	#3E82B8	0.424242424242424	0.846320346320346	1	0.409090909090909	0.439393939393939	0.824675324675325	0.867965367965368
#4086BE	#4086BE	0.424242424242424	0.846320346320346	1	0.409090909090909	0.439393939393939	0.824675324675325	0.867965367965368
#438AC3	#438AC3	0.424242424242424	0.846320346320346	1	0.409090909090909	0.439393939393939	0.824675324675325	0.867965367965368
#438AC3	#438AC3	0.454545454545455	0.846320346320346	1	0.439393939393939	0.46969696969697	0.824675324675325	0.867965367965368
#458EC9	#458EC9	0.454545454545455	0.846320346320346	1	0.439393939393939	0.46969696969697	0.824675324675325	0.867965367965368
#458EC9	#458EC9	0.454545454545455	0.846320346320346	1	0.439393939393939	0.46969696969697	0.824675324675325	0.867965367965368
#4793CE	#4793CE	0.484848484848485	0.846320346320346	1	0.46969696969697	0.5	0.824675324675325	0.867965367965368
#4997D4	#4997D4	0.484848484848485	0.846320346320346	1	0.46969696969697	0.5	0.824675324675325	0.867965367965368
#4793CE	#4793CE	0.484848484848485	0.846320346320346	1	0.46969696969697	0.5	0.824675324675325	0.867965367965368
#4997D4	#4997D4	0.515151515151515	0.846320346320346	1	0.5	0.53030303030303	0.824675324675325	0.867965367965368
#4793CE	#4793CE	0.515151515151515	0.846320346320346	1	0.5	0.53030303030303	0.824675324675325	0.867965367965368
#4793CE	#4793CE	0.515151515151515	0.846320346320346	1	0.5	0.53030303030303	0.824675324675325	0.867965367965368
#4997D4	#4997D4	0.545454545454545	0.846320346320346	1	0.53030303030303	0.560606060606061	0.824675324675325	0.867965367965368
#4997D4	#4997D4	0.545454545454545	0.846320346320346	1	0.53030303030303	0.560606060606061	0.824675324675325	0.867965367965368
#4997D4	#4997D4	0.545454545454545	0.846320346320346	1	0.53030303030303	0.560606060606061	0.824675324675325	0.867965367965368
#4B9BD9	#4B9BD9	0.575757575757576	0.846320346320346	1	0.560606060606061	0.590909090909091	0.824675324675325	0.867965367965368
#4B9BD9	#4B9BD9	0.575757575757576	0.846320346320346	1	0.560606060606061	0.590909090909091	0.824675324675325	0.867965367965368
#4B9BD9	#4B9BD9	0.575757575757576	0.846320346320346	1	0.560606060606061	0.590909090909091	0.824675324675325	0.867965367965368
#4B9BD9	#4B9BD9	0.606060606060606	0.846320346320346	1	0.590909090909091	0.621212121212121	0.824675324675325	0.867965367965368
#4D9FDF	#4D9FDF	0.606060606060606	0.846320346320346	1	0.590909090909091	0.621212121212121	0.824675324675325	0.867965367965368
#4D9FDF	#4D9FDF	0.606060606060606	0.846320346320346	1	0.590909090909091	0.621212121212121	0.824675324675325	0.867965367965368
#4D9FDF	#4D9FDF	0.636363636363636	0.846320346320346	1	0.621212121212121	0.651515151515151	0.824675324675325	0.867965367965368
#4D9FDF	#4D9FDF	0.636363636363636	0.846320346320346	1	0.621212121212121	0.651515151515151	0.824675324675325	0.867965367965368
#4D9FDF	#4D9FDF	0.636363636363636	0.846320346320346	1	0.621212121212121	0.651515151515151	0.824675324675325	0.867965367965368
#4FA4E5	#4FA4E5	0.666666666666667	0.846320346320346	1	0.651515151515151	0.681818181818182	0.824675324675325	0.867965367965368
#4FA4E5	#4FA4E5	0.666666666666667	0.846320346320346	1	0.651515151515151	0.681818181818182	0.824675324675325	0.867965367965368
#4FA4E5	#4FA4E5	0.666666666666667	0.846320346320346	1	0.651515151515151	0.681818181818182	0.824675324675325	0.867965367965368
#4FA4E5	#4FA4E5	0.696969696969697	0.846320346320346	1	0.681818181818182	0.712121212121212	0.824675324675325	0.867965367965368
#4FA4E5	#4FA4E5	0.696969696969697	0.846320346320346	1	0.681818181818182	0.712121212121212	0.824675324675325	0.867965367965368
#4FA4E5	#4FA4E5	0.696969696969697	0.846320346320346	1	0.681818181818182	0.712121212121212	0.824675324675325	0.867965367965368
#51A8EB	#51A8EB	0.727272727272727	0.846320346320346	1	0.712121212121212	0.742424242424242	0.824675324675325	0.867965367965368
#51A8EB	#51A8EB	0.727272727272727	0.846320346320346	1	0.712121212121212	0.742424242424242	0.824675324675325	0.867965367965368
#51A8EB	#51A8EB	0.727272727272727	0.846320346320346	1	0.712121212121212	0.742424242424242	0.824675324675325	0.867965367965368
#51A8EB	#51A8EB	0.757575757575758	0.846320346320346	1	0.742424242424242	0.772727272727273	0.824675324675325	0.867965367965368
#51A8EB	#51A8EB	0.757575757575758	0.846320346320346	1	0.742424242424242	0.772727272727273	0.824675324675325	0.867965367965368
#53ACF1	#53ACF1	0.757575757575758	0.846320346320346	1	0.742424242424242	0.772727272727273	0.824675324675325	0.867965367965368
#53ACF1	#53ACF1	0.787878787878788	0.846320346320346	1	0.772727272727273	0.803030303030303	0.824675324675325	0.867965367965368
#53ACF1	#53ACF1	0.787878787878788	0.846320346320346	1	0.772727272727273	0.803030303030303	0.824675324675325	0.867965367965368
#53ACF1	#53ACF1	0.787878787878788	0.846320346320346	1	0.772727272727273	0.803030303030303	0.824675324675325	0.867965367965368
#53ACF1	#53ACF1	0.818181818181818	0.846320346320346	1	0.803030303030303	0.833333333333333	0.824675324675325	0.867965367965368
#53ACF1	#53ACF1	0.818181818181818	0.846320346320346	1	0.803030303030303	0.833333333333333	0.824675324675325	0.867965367965368
#53ACF1	#53ACF1	0.818181818181818	0.846320346320346	1	0.803030303030303	0.833333333333333	0.824675324675325	0.867965367965368
#53ACF1	#53ACF1	0.848484848484849	0.846320346320346	1	0.833333333333333	0.863636363636364	0.824675324675325	0.867965367965368
#53ACF1	#53ACF1	0.848484848484849	0.846320346320346	1	0.833333333333333	0.863636363636364	0.824675324675325	0.867965367965368
#53ACF1	#53ACF1	0.848484848484849	0.846320346320346	1	0.833333333333333	0.863636363636364	0.824675324675325	0.867965367965368
#53ACF1	#53ACF1	0.878787878787879	0.846320346320346	1	0.863636363636364	0.893939393939394	0.824675324675325	0.867965367965368
#55B1F7	#55B1F7	0.878787878787879	0.846320346320346	1	0.863636363636364	0.893939393939394	0.824675324675325	0.867965367965368
#55B1F7	#55B1F7	0.878787878787879	0.846320346320346	1	0.863636363636364	0.893939393939394	0.824675324675325	0.867965367965368
#55B1F7	#55B1F7	0.909090909090909	0.846320346320346	1	0.893939393939394	0.924242424242424	0.824675324675325	0.867965367965368
#55B1F7	#55B1F7	0.909090909090909	0.846320346320346	1	0.893939393939394	0.924242424242424	0.824675324675325	0.867965367965368
#55B1F7	#55B1F7	0.909090909090909	0.846320346320346	1	0.893939393939394	0.924242424242424	0.824675324675325	0.867965367965368
#55B1F7	#55B1F7	0.939393939393939	0.846320346320346	1	0.924242424242424	0.954545454545455	0.824675324675325	0.867965367965368
#4D9FDF	#4D9FDF	0.0606060606060606	0.846320346320346	1	0.0454545454545455	0.0757575757575758	0.824675324675325	0.867965367965368
#4D9FDF	#4D9FDF	0.0606060606060606	0.846320346320346	1	0.0454545454545455	0.0757575757575758	0.824675324675325	0.867965367965368
#4D9FDF	#4D9FDF	0.0909090909090909	0.846320346320346	1	0.0757575757575758	0.106060606060606	0.824675324675325	0.867965367965368
#4B9BD9	#4B9BD9	0.0909090909090909	0.846320346320346	1	0.0757575757575758	0.106060606060606	0.824675324675325	0.867965367965368
#4B9BD9	#4B9BD9	0.0909090909090909	0.846320346320346	1	0.0757575757575758	0.106060606060606	0.824675324675325	0.867965367965368
#4B9BD9	#4B9BD9	0.121212121212121	0.846320346320346	1	0.106060606060606	0.136363636363636	0.824675324675325	0.867965367965368
#4B9BD9	#4B9BD9	0.121212121212121	0.846320346320346	1	0.106060606060606	0.136363636363636	0.824675324675325	0.867965367965368
#4B9BD9	#4B9BD9	0.121212121212121	0.846320346320346	1	0.106060606060606	0.136363636363636	0.824675324675325	0.867965367965368
#4B9BD9	#4B9BD9	0.151515151515152	0.846320346320346	1	0.136363636363636	0.166666666666667	0.824675324675325	0.867965367965368
#4997D4	#4997D4	0.151515151515152	0.846320346320346	1	0.136363636363636	0.166666666666667	0.824675324675325	0.867965367965368
#4997D4	#4997D4	0.151515151515152	0.846320346320346	1	0.136363636363636	0.166666666666667	0.824675324675325	0.867965367965368
#4997D4	#4997D4	0.181818181818182	0.846320346320346	1	0.166666666666667	0.196969696969697	0.824675324675325	0.867965367965368
#4793CE	#4793CE	0.181818181818182	0.846320346320346	1	0.166666666666667	0.196969696969697	0.824675324675325	0.867965367965368
#4793CE	#4793CE	0.181818181818182	0.846320346320346	1	0.166666666666667	0.196969696969697	0.824675324675325	0.867965367965368
#4793CE	#4793CE	0.212121212121212	0.846320346320346	1	0.196969696969697	0.227272727272727	0.824675324675325	0.867965367965368
#4793CE	#4793CE	0.212121212121212	0.846320346320346	1	0.196969696969697	0.227272727272727	0.824675324675325	0.867965367965368
#4793CE	#4793CE	0.212121212121212	0.846320346320346	1	0.196969696969697	0.227272727272727	0.824675324675325	0.867965367965368
#4793CE	#4793CE	0.242424242424242	0.846320346320346	1	0.227272727272727	0.257575757575758	0.824675324675325	0.867965367965368
#458EC9	#458EC9	0.242424242424242	0.846320346320346	1	0.227272727272727	0.257575757575758	0.824675324675325	0.867965367965368
#4086BE	#4086BE	0.242424242424242	0.846320346320346	1	0.227272727272727	0.257575757575758	0.824675324675325	0.867965367965368
#4086BE	#4086BE	0.272727272727273	0.846320346320346	1	0.257575757575758	0.287878787878788	0.824675324675325	0.867965367965368
#3C7EB3	#3C7EB3	0.272727272727273	0.846320346320346	1	0.257575757575758	0.287878787878788	0.824675324675325	0.867965367965368
#3A7AAD	#3A7AAD	0.272727272727273	0.846320346320346	1	0.257575757575758	0.287878787878788	0.824675324675325	0.867965367965368
#3A7AAD	#3A7AAD	0.303030303030303	0.846320346320346	1	0.287878787878788	0.318181818181818	0.824675324675325	0.867965367965368
#3A7AAD	#3A7AAD	0.303030303030303	0.846320346320346	1	0.287878787878788	0.318181818181818	0.824675324675325	0.867965367965368
#3A7AAD	#3A7AAD	0.303030303030303	0.846320346320346	1	0.287878787878788	0.318181818181818	0.824675324675325	0.867965367965368
#3A7AAD	#3A7AAD	0.333333333333333	0.846320346320346	1	0.318181818181818	0.348484848484849	0.824675324675325	0.867965367965368
#3876A8	#3876A8	0.333333333333333	0.846320346320346	1	0.318181818181818	0.348484848484849	0.824675324675325	0.867965367965368
#3876A8	#3876A8	0.333333333333333	0.846320346320346	1	0.318181818181818	0.348484848484849	0.824675324675325	0.867965367965368
#3876A8	#3876A8	0.363636363636364	0.846320346320346	1	0.348484848484849	0.378787878787879	0.824675324675325	0.867965367965368
#3876A8	#3876A8	0.363636363636364	0.846320346320346	1	0.348484848484849	0.378787878787879	0.824675324675325	0.867965367965368
#3A7AAD	#3A7AAD	0.363636363636364	0.846320346320346	1	0.348484848484849	0.378787878787879	0.824675324675325	0.867965367965368
#3A7AAD	#3A7AAD	0.393939393939394	0.846320346320346	1	0.378787878787879	0.409090909090909	0.824675324675325	0.867965367965368
#3C7EB3	#3C7EB3	0.393939393939394	0.846320346320346	1	0.378787878787879	0.409090909090909	0.824675324675325	0.867965367965368
#3E82B8	#3E82B8	0.393939393939394	0.846320346320346	1	0.378787878787879	0.409090909090909	0.824675324675325	0.867965367965368
#4086BE	#4086BE	0.424242424242424	0.846320346320346	1	0.409090909090909	0.439393939393939	0.824675324675325	0.867965367965368
#438AC3	#438AC3	0.424242424242424	0.846320346320346	1	0.409090909090909	0.439393939393939	0.824675324675325	0.867965367965368
#458EC9	#458EC9	0.424242424242424	0.846320346320346	1	0.409090909090909	0.439393939393939	0.824675324675325	0.867965367965368
#458EC9	#458EC9	0.454545454545455	0.846320346320346	1	0.439393939393939	0.46969696969697	0.824675324675325	0.867965367965368
#4793CE	#4793CE	0.454545454545455	0.846320346320346	1	0.439393939393939	0.46969696969697	0.824675324675325	0.867965367965368
#4793CE	#4793CE	0.454545454545455	0.846320346320346	1	0.439393939393939	0.46969696969697	0.824675324675325	0.867965367965368
#4997D4	#4997D4	0.484848484848485	0.846320346320346	1	0.46969696969697	0.5	0.824675324675325	0.867965367965368
#4997D4	#4997D4	0.484848484848485	0.846320346320346	1	0.46969696969697	0.5	0.824675324675325	0.867965367965368
#4997D4	#4997D4	0.484848484848485	0.846320346320346	1	0.46969696969697	0.5	0.824675324675325	0.867965367965368
#4997D4	#4997D4	0.515151515151515	0.846320346320346	1	0.5	0.53030303030303	0.824675324675325	0.867965367965368
#4997D4	#4997D4	0.515151515151515	0.846320346320346	1	0.5	0.53030303030303	0.824675324675325	0.867965367965368
#4997D4	#4997D4	0.515151515151515	0.846320346320346	1	0.5	0.53030303030303	0.824675324675325	0.867965367965368
#4997D4	#4997D4	0.545454545454545	0.846320346320346	1	0.53030303030303	0.560606060606061	0.824675324675325	0.867965367965368
#4B9BD9	#4B9BD9	0.545454545454545	0.846320346320346	1	0.53030303030303	0.560606060606061	0.824675324675325	0.867965367965368
#4B9BD9	#4B9BD9	0.545454545454545	0.846320346320346	1	0.53030303030303	0.560606060606061	0.824675324675325	0.867965367965368
#4B9BD9	#4B9BD9	0.575757575757576	0.846320346320346	1	0.560606060606061	0.590909090909091	0.824675324675325	0.867965367965368
#4B9BD9	#4B9BD9	0.575757575757576	0.846320346320346	1	0.560606060606061	0.590909090909091	0.824675324675325	0.867965367965368
#4B9BD9	#4B9BD9	0.575757575757576	0.846320346320346	1	0.560606060606061	0.590909090909091	0.824675324675325	0.867965367965368
#4B9BD9	#4B9BD9	0.606060606060606	0.846320346320346	1	0.590909090909091	0.621212121212121	0.824675324675325	0.867965367965368
#4D9FDF	#4D9FDF	0.606060606060606	0.846320346320346	1	0.590909090909091	0.621212121212121	0.824675324675325	0.867965367965368
#4B9BD9	#4B9BD9	0.606060606060606	0.846320346320346	1	0.590909090909091	0.621212121212121	0.824675324675325	0.867965367965368
#4D9FDF	#4D9FDF	0.636363636363636	0.846320346320346	1	0.621212121212121	0.651515151515151	0.824675324675325	0.867965367965368
#4D9FDF	#4D9FDF	0.636363636363636	0.846320346320346	1	0.621212121212121	0.651515151515151	0.824675324675325	0.867965367965368
#4D9FDF	#4D9FDF	0.636363636363636	0.846320346320346	1	0.621212121212121	0.651515151515151	0.824675324675325	0.867965367965368
#4FA4E5	#4FA4E5	0.666666666666667	0.846320346320346	1	0.651515151515151	0.681818181818182	0.824675324675325	0.867965367965368
#4FA4E5	#4FA4E5	0.666666666666667	0.846320346320346	1	0.651515151515151	0.681818181818182	0.824675324675325	0.867965367965368
#4FA4E5	#4FA4E5	0.666666666666667	0.846320346320346	1	0.651515151515151	0.681818181818182	0.824675324675325	0.867965367965368
#4FA4E5	#4FA4E5	0.696969696969697	0.846320346320346	1	0.681818181818182	0.712121212121212	0.824675324675325	0.867965367965368
#4FA4E5	#4FA4E5	0.696969696969697	0.846320346320346	1	0.681818181818182	0.712121212121212	0.824675324675325	0.867965367965368
#4FA4E5	#4FA4E5	0.696969696969697	0.846320346320346	1	0.681818181818182	0.712121212121212	0.824675324675325	0.867965367965368
#4FA4E5	#4FA4E5	0.727272727272727	0.846320346320346	1	0.712121212121212	0.742424242424242	0.824675324675325	0.867965367965368
#51A8EB	#51A8EB	0.727272727272727	0.846320346320346	1	0.712121212121212	0.742424242424242	0.824675324675325	0.867965367965368
#51A8EB	#51A8EB	0.727272727272727	0.846320346320346	1	0.712121212121212	0.742424242424242	0.824675324675325	0.867965367965368
#51A8EB	#51A8EB	0.757575757575758	0.846320346320346	1	0.742424242424242	0.772727272727273	0.824675324675325	0.867965367965368
#51A8EB	#51A8EB	0.757575757575758	0.846320346320346	1	0.742424242424242	0.772727272727273	0.824675324675325	0.867965367965368
#53ACF1	#53ACF1	0.757575757575758	0.846320346320346	1	0.742424242424242	0.772727272727273	0.824675324675325	0.867965367965368
#53ACF1	#53ACF1	0.787878787878788	0.846320346320346	1	0.772727272727273	0.803030303030303	0.824675324675325	0.867965367965368
#53ACF1	#53ACF1	0.787878787878788	0.846320346320346	1	0.772727272727273	0.803030303030303	0.824675324675325	0.867965367965368
#53ACF1	#53ACF1	0.787878787878788	0.846320346320346	1	0.772727272727273	0.803030303030303	0.824675324675325	0.867965367965368
#53ACF1	#53ACF1	0.818181818181818	0.846320346320346	1	0.803030303030303	0.833333333333333	0.824675324675325	0.867965367965368
#53ACF1	#53ACF1	0.818181818181818	0.846320346320346	1	0.803030303030303	0.833333333333333	0.824675324675325	0.867965367965368
#53ACF1	#53ACF1	0.818181818181818	0.846320346320346	1	0.803030303030303	0.833333333333333	0.824675324675325	0.867965367965368
#53ACF1	#53ACF1	0.848484848484849	0.846320346320346	1	0.833333333333333	0.863636363636364	0.824675324675325	0.867965367965368
#53ACF1	#53ACF1	0.848484848484849	0.846320346320346	1	0.833333333333333	0.863636363636364	0.824675324675325	0.867965367965368
#53ACF1	#53ACF1	0.848484848484849	0.846320346320346	1	0.833333333333333	0.863636363636364	0.824675324675325	0.867965367965368
#55B1F7	#55B1F7	0.878787878787879	0.846320346320346	1	0.863636363636364	0.893939393939394	0.824675324675325	0.867965367965368
#55B1F7	#55B1F7	0.878787878787879	0.846320346320346	1	0.863636363636364	0.893939393939394	0.824675324675325	0.867965367965368
#55B1F7	#55B1F7	0.878787878787879	0.846320346320346	1	0.863636363636364	0.893939393939394	0.824675324675325	0.867965367965368
#55B1F7	#55B1F7	0.909090909090909	0.846320346320346	1	0.893939393939394	0.924242424242424	0.824675324675325	0.867965367965368
#55B1F7	#55B1F7	0.909090909090909	0.846320346320346	1	0.893939393939394	0.924242424242424	0.824675324675325	0.867965367965368
#55B1F7	#55B1F7	0.909090909090909	0.846320346320346	1	0.893939393939394	0.924242424242424	0.824675324675325	0.867965367965368
#55B1F7	#55B1F7	0.939393939393939	0.846320346320346	1	0.924242424242424	0.954545454545455	0.824675324675325	0.867965367965368
#4D9FDF	#4D9FDF	0.0606060606060606	0.846320346320346	1	0.0454545454545455	0.0757575757575758	0.824675324675325	0.867965367965368
#4D9FDF	#4D9FDF	0.0606060606060606	0.846320346320346	1	0.0454545454545455	0.0757575757575758	0.824675324675325	0.867965367965368
#4D9FDF	#4D9FDF	0.0909090909090909	0.846320346320346	1	0.0757575757575758	0.106060606060606	0.824675324675325	0.867965367965368
#4D9FDF	#4D9FDF	0.0909090909090909	0.846320346320346	1	0.0757575757575758	0.106060606060606	0.824675324675325	0.867965367965368
#4D9FDF	#4D9FDF	0.0909090909090909	0.846320346320346	1	0.0757575757575758	0.106060606060606	0.824675324675325	0.867965367965368
#4B9BD9	#4B9BD9	0.121212121212121	0.846320346320346	1	0.106060606060606	0.136363636363636	0.824675324675325	0.867965367965368
#4B9BD9	#4B9BD9	0.121212121212121	0.846320346320346	1	0.106060606060606	0.136363636363636	0.824675324675325	0.867965367965368
#4B9BD9	#4B9BD9	0.121212121212121	0.846320346320346	1	0.106060606060606	0.136363636363636	0.824675324675325	0.867965367965368
#4B9BD9	#4B9BD9	0.151515151515152	0.846320346320346	1	0.136363636363636	0.166666666666667	0.824675324675325	0.867965367965368
#4B9BD9	#4B9BD9	0.151515151515152	0.846320346320346	1	0.136363636363636	0.166666666666667	0.824675324675325	0.867965367965368
#4997D4	#4997D4	0.151515151515152	0.846320346320346	1	0.136363636363636	0.166666666666667	0.824675324675325	0.867965367965368
#4997D4	#4997D4	0.181818181818182	0.846320346320346	1	0.166666666666667	0.196969696969697	0.824675324675325	0.867965367965368
#4997D4	#4997D4	0.181818181818182	0.846320346320346	1	0.166666666666667	0.196969696969697	0.824675324675325	0.867965367965368
#4997D4	#4997D4	0.181818181818182	0.846320346320346	1	0.166666666666667	0.196969696969697	0.824675324675325	0.867965367965368
#4997D4	#4997D4	0.212121212121212	0.846320346320346	1	0.196969696969697	0.227272727272727	0.824675324675325	0.867965367965368
#4997D4	#4997D4	0.212121212121212	0.846320346320346	1	0.196969696969697	0.227272727272727	0.824675324675325	0.867965367965368
#4997D4	#4997D4	0.212121212121212	0.846320346320346	1	0.196969696969697	0.227272727272727	0.824675324675325	0.867965367965368
#4997D4	#4997D4	0.242424242424242	0.846320346320346	1	0.227272727272727	0.257575757575758	0.824675324675325	0.867965367965368
#4793CE	#4793CE	0.242424242424242	0.846320346320346	1	0.227272727272727	0.257575757575758	0.824675324675325	0.867965367965368
#458EC9	#458EC9	0.242424242424242	0.846320346320346	1	0.227272727272727	0.257575757575758	0.824675324675325	0.867965367965368
#458EC9	#458EC9	0.272727272727273	0.846320346320346	1	0.257575757575758	0.287878787878788	0.824675324675325	0.867965367965368
#458EC9	#458EC9	0.272727272727273	0.846320346320346	1	0.257575757575758	0.287878787878788	0.824675324675325	0.867965367965368
#3E82B8	#3E82B8	0.272727272727273	0.846320346320346	1	0.257575757575758	0.287878787878788	0.824675324675325	0.867965367965368
#3E82B8	#3E82B8	0.303030303030303	0.846320346320346	1	0.287878787878788	0.318181818181818	0.824675324675325	0.867965367965368
#3E82B8	#3E82B8	0.303030303030303	0.846320346320346	1	0.287878787878788	0.318181818181818	0.824675324675325	0.867965367965368
#3E82B8	#3E82B8	0.303030303030303	0.846320346320346	1	0.287878787878788	0.318181818181818	0.824675324675325	0.867965367965368
#3E82B8	#3E82B8	0.333333333333333	0.846320346320346	1	0.318181818181818	0.348484848484849	0.824675324675325	0.867965367965368
#3E82B8	#3E82B8	0.333333333333333	0.846320346320346	1	0.318181818181818	0.348484848484849	0.824675324675325	0.867965367965368
#3C7EB3	#3C7EB3	0.333333333333333	0.846320346320346	1	0.318181818181818	0.348484848484849	0.824675324675325	0.867965367965368
#3C7EB3	#3C7EB3	0.363636363636364	0.846320346320346	1	0.348484848484849	0.378787878787879	0.824675324675325	0.867965367965368
#3C7EB3	#3C7EB3	0.363636363636364	0.846320346320346	1	0.348484848484849	0.378787878787879	0.824675324675325	0.867965367965368
#3E82B8	#3E82B8	0.363636363636364	0.846320346320346	1	0.348484848484849	0.378787878787879	0.824675324675325	0.867965367965368
#3E82B8	#3E82B8	0.393939393939394	0.846320346320346	1	0.378787878787879	0.409090909090909	0.824675324675325	0.867965367965368
#4086BE	#4086BE	0.393939393939394	0.846320346320346	1	0.378787878787879	0.409090909090909	0.824675324675325	0.867965367965368
#438AC3	#438AC3	0.393939393939394	0.846320346320346	1	0.378787878787879	0.409090909090909	0.824675324675325	0.867965367965368
#438AC3	#438AC3	0.424242424242424	0.846320346320346	1	0.409090909090909	0.439393939393939	0.824675324675325	0.867965367965368
#458EC9	#458EC9	0.424242424242424	0.846320346320346	1	0.409090909090909	0.439393939393939	0.824675324675325	0.867965367965368
#458EC9	#458EC9	0.424242424242424	0.846320346320346	1	0.409090909090909	0.439393939393939	0.824675324675325	0.867965367965368
#4793CE	#4793CE	0.454545454545455	0.846320346320346	1	0.439393939393939	0.46969696969697	0.824675324675325	0.867965367965368
#4793CE	#4793CE	0.454545454545455	0.846320346320346	1	0.439393939393939	0.46969696969697	0.824675324675325	0.867965367965368
#4997D4	#4997D4	0.454545454545455	0.846320346320346	1	0.439393939393939	0.46969696969697	0.824675324675325	0.867965367965368
#4B9BD9	#4B9BD9	0.484848484848485	0.846320346320346	1	0.46969696969697	0.5	0.824675324675325	0.867965367965368
#4B9BD9	#4B9BD9	0.484848484848485	0.846320346320346	1	0.46969696969697	0.5	0.824675324675325	0.867965367965368
#4B9BD9	#4B9BD9	0.484848484848485	0.846320346320346	1	0.46969696969697	0.5	0.824675324675325	0.867965367965368
#4B9BD9	#4B9BD9	0.515151515151515	0.846320346320346	1	0.5	0.53030303030303	0.824675324675325	0.867965367965368
#4B9BD9	#4B9BD9	0.515151515151515	0.846320346320346	1	0.5	0.53030303030303	0.824675324675325	0.867965367965368
#4997D4	#4997D4	0.515151515151515	0.846320346320346	1	0.5	0.53030303030303	0.824675324675325	0.867965367965368
#4B9BD9	#4B9BD9	0.545454545454545	0.846320346320346	1	0.53030303030303	0.560606060606061	0.824675324675325	0.867965367965368
#4B9BD9	#4B9BD9	0.545454545454545	0.846320346320346	1	0.53030303030303	0.560606060606061	0.824675324675325	0.867965367965368
#4B9BD9	#4B9BD9	0.545454545454545	0.846320346320346	1	0.53030303030303	0.560606060606061	0.824675324675325	0.867965367965368
#4B9BD9	#4B9BD9	0.575757575757576	0.846320346320346	1	0.560606060606061	0.590909090909091	0.824675324675325	0.867965367965368
#4B9BD9	#4B9BD9	0.575757575757576	0.846320346320346	1	0.560606060606061	0.590909090909091	0.824675324675325	0.867965367965368
#4B9BD9	#4B9BD9	0.575757575757576	0.846320346320346	1	0.560606060606061	0.590909090909091	0.824675324675325	0.867965367965368
#4D9FDF	#4D9FDF	0.606060606060606	0.846320346320346	1	0.590909090909091	0.621212121212121	0.824675324675325	0.867965367965368
#4D9FDF	#4D9FDF	0.606060606060606	0.846320346320346	1	0.590909090909091	0.621212121212121	0.824675324675325	0.867965367965368
#4D9FDF	#4D9FDF	0.606060606060606	0.846320346320346	1	0.590909090909091	0.621212121212121	0.824675324675325	0.867965367965368
#4D9FDF	#4D9FDF	0.636363636363636	0.846320346320346	1	0.621212121212121	0.651515151515151	0.824675324675325	0.867965367965368
#4D9FDF	#4D9FDF	0.636363636363636	0.846320346320346	1	0.621212121212121	0.651515151515151	0.824675324675325	0.867965367965368
#4FA4E5	#4FA4E5	0.636363636363636	0.846320346320346	1	0.621212121212121	0.651515151515151	0.824675324675325	0.867965367965368
#4FA4E5	#4FA4E5	0.666666666666667	0.846320346320346	1	0.651515151515151	0.681818181818182	0.824675324675325	0.867965367965368
#4FA4E5	#4FA4E5	0.666666666666667	0.846320346320346	1	0.651515151515151	0.681818181818182	0.824675324675325	0.867965367965368
#4FA4E5	#4FA4E5	0.666666666666667	0.846320346320346	1	0.651515151515151	0.681818181818182	0.824675324675325	0.867965367965368
#4FA4E5	#4FA4E5	0.696969696969697	0.846320346320346	1	0.681818181818182	0.712121212121212	0.824675324675325	0.867965367965368
#4FA4E5	#4FA4E5	0.696969696969697	0.846320346320346	1	0.681818181818182	0.712121212121212	0.824675324675325	0.867965367965368
#4FA4E5	#4FA4E5	0.696969696969697	0.846320346320346	1	0.681818181818182	0.712121212121212	0.824675324675325	0.867965367965368
#4FA4E5	#4FA4E5	0.727272727272727	0.846320346320346	1	0.712121212121212	0.742424242424242	0.824675324675325	0.867965367965368
#51A8EB	#51A8EB	0.727272727272727	0.846320346320346	1	0.712121212121212	0.742424242424242	0.824675324675325	0.867965367965368
#51A8EB	#51A8EB	0.727272727272727	0.846320346320346	1	0.712121212121212	0.742424242424242	0.824675324675325	0.867965367965368
#51A8EB	#51A8EB	0.757575757575758	0.846320346320346	1	0.742424242424242	0.772727272727273	0.824675324675325	0.867965367965368
#51A8EB	#51A8EB	0.757575757575758	0.846320346320346	1	0.742424242424242	0.772727272727273	0.824675324675325	0.867965367965368
#53ACF1	#53ACF1	0.757575757575758	0.846320346320346	1	0.742424242424242	0.772727272727273	0.824675324675325	0.867965367965368
#53ACF1	#53ACF1	0.787878787878788	0.846320346320346	1	0.772727272727273	0.803030303030303	0.824675324675325	0.867965367965368
#53ACF1	#53ACF1	0.787878787878788	0.846320346320346	1	0.772727272727273	0.803030303030303	0.824675324675325	0.867965367965368
#53ACF1	#53ACF1	0.787878787878788	0.846320346320346	1	0.772727272727273	0.803030303030303	0.824675324675325	0.867965367965368
#53ACF1	#53ACF1	0.818181818181818	0.846320346320346	1	0.803030303030303	0.833333333333333	0.824675324675325	0.867965367965368
#53ACF1	#53ACF1	0.818181818181818	0.846320346320346	1	0.803030303030303	0.833333333333333	0.824675324675325	0.867965367965368
#53ACF1	#53ACF1	0.818181818181818	0.846320346320346	1	0.803030303030303	0.833333333333333	0.824675324675325	0.867965367965368
#53ACF1	#53ACF1	0.848484848484849	0.846320346320346	1	0.833333333333333	0.863636363636364	0.824675324675325	0.867965367965368
#53ACF1	#53ACF1	0.848484848484849	0.846320346320346	1	0.833333333333333	0.863636363636364	0.824675324675325	0.867965367965368
#53ACF1	#53ACF1	0.848484848484849	0.846320346320346	1	0.833333333333333	0.863636363636364	0.824675324675325	0.867965367965368
#55B1F7	#55B1F7	0.878787878787879	0.846320346320346	1	0.863636363636364	0.893939393939394	0.824675324675325	0.867965367965368
#55B1F7	#55B1F7	0.878787878787879	0.846320346320346	1	0.863636363636364	0.893939393939394	0.824675324675325	0.867965367965368
#55B1F7	#55B1F7	0.878787878787879	0.846320346320346	1	0.863636363636364	0.893939393939394	0.824675324675325	0.867965367965368
#55B1F7	#55B1F7	0.909090909090909	0.846320346320346	1	0.893939393939394	0.924242424242424	0.824675324675325	0.867965367965368
#55B1F7	#55B1F7	0.909090909090909	0.846320346320346	1	0.893939393939394	0.924242424242424	0.824675324675325	0.867965367965368
#55B1F7	#55B1F7	0.909090909090909	0.846320346320346	1	0.893939393939394	0.924242424242424	0.824675324675325	0.867965367965368
#55B1F7	#55B1F7	0.939393939393939	0.846320346320346	1	0.924242424242424	0.954545454545455	0.824675324675325	0.867965367965368
#4D9FDF	#4D9FDF	0.0606060606060606	0.889610389610389	1	0.0454545454545455	0.0757575757575758	0.867965367965368	0.911255411255411
#4D9FDF	#4D9FDF	0.0606060606060606	0.889610389610389	1	0.0454545454545455	0.0757575757575758	0.867965367965368	0.911255411255411
#4D9FDF	#4D9FDF	0.0909090909090909	0.889610389610389	1	0.0757575757575758	0.106060606060606	0.867965367965368	0.911255411255411
#4D9FDF	#4D9FDF	0.0909090909090909	0.889610389610389	1	0.0757575757575758	0.106060606060606	0.867965367965368	0.911255411255411
#4D9FDF	#4D9FDF	0.0909090909090909	0.889610389610389	1	0.0757575757575758	0.106060606060606	0.867965367965368	0.911255411255411
#4B9BD9	#4B9BD9	0.121212121212121	0.889610389610389	1	0.106060606060606	0.136363636363636	0.867965367965368	0.911255411255411
#4B9BD9	#4B9BD9	0.121212121212121	0.889610389610389	1	0.106060606060606	0.136363636363636	0.867965367965368	0.911255411255411
#4B9BD9	#4B9BD9	0.121212121212121	0.889610389610389	1	0.106060606060606	0.136363636363636	0.867965367965368	0.911255411255411
#4B9BD9	#4B9BD9	0.151515151515152	0.889610389610389	1	0.136363636363636	0.166666666666667	0.867965367965368	0.911255411255411
#4B9BD9	#4B9BD9	0.151515151515152	0.889610389610389	1	0.136363636363636	0.166666666666667	0.867965367965368	0.911255411255411
#4B9BD9	#4B9BD9	0.151515151515152	0.889610389610389	1	0.136363636363636	0.166666666666667	0.867965367965368	0.911255411255411
#4B9BD9	#4B9BD9	0.181818181818182	0.889610389610389	1	0.166666666666667	0.196969696969697	0.867965367965368	0.911255411255411
#4B9BD9	#4B9BD9	0.181818181818182	0.889610389610389	1	0.166666666666667	0.196969696969697	0.867965367965368	0.911255411255411
#4997D4	#4997D4	0.181818181818182	0.889610389610389	1	0.166666666666667	0.196969696969697	0.867965367965368	0.911255411255411
#4B9BD9	#4B9BD9	0.212121212121212	0.889610389610389	1	0.196969696969697	0.227272727272727	0.867965367965368	0.911255411255411
#4B9BD9	#4B9BD9	0.212121212121212	0.889610389610389	1	0.196969696969697	0.227272727272727	0.867965367965368	0.911255411255411
#4B9BD9	#4B9BD9	0.212121212121212	0.889610389610389	1	0.196969696969697	0.227272727272727	0.867965367965368	0.911255411255411
#4B9BD9	#4B9BD9	0.242424242424242	0.889610389610389	1	0.227272727272727	0.257575757575758	0.867965367965368	0.911255411255411
#4997D4	#4997D4	0.242424242424242	0.889610389610389	1	0.227272727272727	0.257575757575758	0.867965367965368	0.911255411255411
#4793CE	#4793CE	0.242424242424242	0.889610389610389	1	0.227272727272727	0.257575757575758	0.867965367965368	0.911255411255411
#4793CE	#4793CE	0.272727272727273	0.889610389610389	1	0.257575757575758	0.287878787878788	0.867965367965368	0.911255411255411
#4793CE	#4793CE	0.272727272727273	0.889610389610389	1	0.257575757575758	0.287878787878788	0.867965367965368	0.911255411255411
#438AC3	#438AC3	0.272727272727273	0.889610389610389	1	0.257575757575758	0.287878787878788	0.867965367965368	0.911255411255411
#438AC3	#438AC3	0.303030303030303	0.889610389610389	1	0.287878787878788	0.318181818181818	0.867965367965368	0.911255411255411
#438AC3	#438AC3	0.303030303030303	0.889610389610389	1	0.287878787878788	0.318181818181818	0.867965367965368	0.911255411255411
#438AC3	#438AC3	0.303030303030303	0.889610389610389	1	0.287878787878788	0.318181818181818	0.867965367965368	0.911255411255411
#438AC3	#438AC3	0.333333333333333	0.889610389610389	1	0.318181818181818	0.348484848484849	0.867965367965368	0.911255411255411
#438AC3	#438AC3	0.333333333333333	0.889610389610389	1	0.318181818181818	0.348484848484849	0.867965367965368	0.911255411255411
#4086BE	#4086BE	0.333333333333333	0.889610389610389	1	0.318181818181818	0.348484848484849	0.867965367965368	0.911255411255411
#4086BE	#4086BE	0.363636363636364	0.889610389610389	1	0.348484848484849	0.378787878787879	0.867965367965368	0.911255411255411
#4086BE	#4086BE	0.363636363636364	0.889610389610389	1	0.348484848484849	0.378787878787879	0.867965367965368	0.911255411255411
#4086BE	#4086BE	0.363636363636364	0.889610389610389	1	0.348484848484849	0.378787878787879	0.867965367965368	0.911255411255411
#438AC3	#438AC3	0.393939393939394	0.889610389610389	1	0.378787878787879	0.409090909090909	0.867965367965368	0.911255411255411
#458EC9	#458EC9	0.393939393939394	0.889610389610389	1	0.378787878787879	0.409090909090909	0.867965367965368	0.911255411255411
#458EC9	#458EC9	0.393939393939394	0.889610389610389	1	0.378787878787879	0.409090909090909	0.867965367965368	0.911255411255411
#458EC9	#458EC9	0.424242424242424	0.889610389610389	1	0.409090909090909	0.439393939393939	0.867965367965368	0.911255411255411
#4793CE	#4793CE	0.424242424242424	0.889610389610389	1	0.409090909090909	0.439393939393939	0.867965367965368	0.911255411255411
#4793CE	#4793CE	0.424242424242424	0.889610389610389	1	0.409090909090909	0.439393939393939	0.867965367965368	0.911255411255411
#4997D4	#4997D4	0.454545454545455	0.889610389610389	1	0.439393939393939	0.46969696969697	0.867965367965368	0.911255411255411
#4997D4	#4997D4	0.454545454545455	0.889610389610389	1	0.439393939393939	0.46969696969697	0.867965367965368	0.911255411255411
#4B9BD9	#4B9BD9	0.454545454545455	0.889610389610389	1	0.439393939393939	0.46969696969697	0.867965367965368	0.911255411255411
#4B9BD9	#4B9BD9	0.484848484848485	0.889610389610389	1	0.46969696969697	0.5	0.867965367965368	0.911255411255411
#4B9BD9	#4B9BD9	0.484848484848485	0.889610389610389	1	0.46969696969697	0.5	0.867965367965368	0.911255411255411
#4B9BD9	#4B9BD9	0.484848484848485	0.889610389610389	1	0.46969696969697	0.5	0.867965367965368	0.911255411255411
#4B9BD9	#4B9BD9	0.515151515151515	0.889610389610389	1	0.5	0.53030303030303	0.867965367965368	0.911255411255411
#4B9BD9	#4B9BD9	0.515151515151515	0.889610389610389	1	0.5	0.53030303030303	0.867965367965368	0.911255411255411
#4B9BD9	#4B9BD9	0.515151515151515	0.889610389610389	1	0.5	0.53030303030303	0.867965367965368	0.911255411255411
#4B9BD9	#4B9BD9	0.545454545454545	0.889610389610389	1	0.53030303030303	0.560606060606061	0.867965367965368	0.911255411255411
#4B9BD9	#4B9BD9	0.545454545454545	0.889610389610389	1	0.53030303030303	0.560606060606061	0.867965367965368	0.911255411255411
#4B9BD9	#4B9BD9	0.545454545454545	0.889610389610389	1	0.53030303030303	0.560606060606061	0.867965367965368	0.911255411255411
#4D9FDF	#4D9FDF	0.575757575757576	0.889610389610389	1	0.560606060606061	0.590909090909091	0.867965367965368	0.911255411255411
#4D9FDF	#4D9FDF	0.575757575757576	0.889610389610389	1	0.560606060606061	0.590909090909091	0.867965367965368	0.911255411255411
#4D9FDF	#4D9FDF	0.575757575757576	0.889610389610389	1	0.560606060606061	0.590909090909091	0.867965367965368	0.911255411255411
#4D9FDF	#4D9FDF	0.606060606060606	0.889610389610389	1	0.590909090909091	0.621212121212121	0.867965367965368	0.911255411255411
#4D9FDF	#4D9FDF	0.606060606060606	0.889610389610389	1	0.590909090909091	0.621212121212121	0.867965367965368	0.911255411255411
#4D9FDF	#4D9FDF	0.606060606060606	0.889610389610389	1	0.590909090909091	0.621212121212121	0.867965367965368	0.911255411255411
#4FA4E5	#4FA4E5	0.636363636363636	0.889610389610389	1	0.621212121212121	0.651515151515151	0.867965367965368	0.911255411255411
#4FA4E5	#4FA4E5	0.636363636363636	0.889610389610389	1	0.621212121212121	0.651515151515151	0.867965367965368	0.911255411255411
#4FA4E5	#4FA4E5	0.636363636363636	0.889610389610389	1	0.621212121212121	0.651515151515151	0.867965367965368	0.911255411255411
#4FA4E5	#4FA4E5	0.666666666666667	0.889610389610389	1	0.651515151515151	0.681818181818182	0.867965367965368	0.911255411255411
#4FA4E5	#4FA4E5	0.666666666666667	0.889610389610389	1	0.651515151515151	0.681818181818182	0.867965367965368	0.911255411255411
#4FA4E5	#4FA4E5	0.666666666666667	0.889610389610389	1	0.651515151515151	0.681818181818182	0.867965367965368	0.911255411255411
#4FA4E5	#4FA4E5	0.696969696969697	0.889610389610389	1	0.681818181818182	0.712121212121212	0.867965367965368	0.911255411255411
#4FA4E5	#4FA4E5	0.696969696969697	0.889610389610389	1	0.681818181818182	0.712121212121212	0.867965367965368	0.911255411255411
#4FA4E5	#4FA4E5	0.696969696969697	0.889610389610389	1	0.681818181818182	0.712121212121212	0.867965367965368	0.911255411255411
#51A8EB	#51A8EB	0.727272727272727	0.889610389610389	1	0.712121212121212	0.742424242424242	0.867965367965368	0.911255411255411
#51A8EB	#51A8EB	0.727272727272727	0.889610389610389	1	0.712121212121212	0.742424242424242	0.867965367965368	0.911255411255411
#51A8EB	#51A8EB	0.727272727272727	0.889610389610389	1	0.712121212121212	0.742424242424242	0.867965367965368	0.911255411255411
#51A8EB	#51A8EB	0.757575757575758	0.889610389610389	1	0.742424242424242	0.772727272727273	0.867965367965368	0.911255411255411
#51A8EB	#51A8EB	0.757575757575758	0.889610389610389	1	0.742424242424242	0.772727272727273	0.867965367965368	0.911255411255411
#53ACF1	#53ACF1	0.757575757575758	0.889610389610389	1	0.742424242424242	0.772727272727273	0.867965367965368	0.911255411255411
#53ACF1	#53ACF1	0.787878787878788	0.889610389610389	1	0.772727272727273	0.803030303030303	0.867965367965368	0.911255411255411
#53ACF1	#53ACF1	0.787878787878788	0.889610389610389	1	0.772727272727273	0.803030303030303	0.867965367965368	0.911255411255411
#53ACF1	#53ACF1	0.787878787878788	0.889610389610389	1	0.772727272727273	0.803030303030303	0.867965367965368	0.911255411255411
#53ACF1	#53ACF1	0.818181818181818	0.889610389610389	1	0.803030303030303	0.833333333333333	0.867965367965368	0.911255411255411
#53ACF1	#53ACF1	0.818181818181818	0.889610389610389	1	0.803030303030303	0.833333333333333	0.867965367965368	0.911255411255411
#53ACF1	#53ACF1	0.818181818181818	0.889610389610389	1	0.803030303030303	0.833333333333333	0.867965367965368	0.911255411255411
#53ACF1	#53ACF1	0.848484848484849	0.889610389610389	1	0.833333333333333	0.863636363636364	0.867965367965368	0.911255411255411
#53ACF1	#53ACF1	0.848484848484849	0.889610389610389	1	0.833333333333333	0.863636363636364	0.867965367965368	0.911255411255411
#53ACF1	#53ACF1	0.848484848484849	0.889610389610389	1	0.833333333333333	0.863636363636364	0.867965367965368	0.911255411255411
#55B1F7	#55B1F7	0.878787878787879	0.889610389610389	1	0.863636363636364	0.893939393939394	0.867965367965368	0.911255411255411
#55B1F7	#55B1F7	0.878787878787879	0.889610389610389	1	0.863636363636364	0.893939393939394	0.867965367965368	0.911255411255411
#55B1F7	#55B1F7	0.878787878787879	0.889610389610389	1	0.863636363636364	0.893939393939394	0.867965367965368	0.911255411255411
#55B1F7	#55B1F7	0.909090909090909	0.889610389610389	1	0.893939393939394	0.924242424242424	0.867965367965368	0.911255411255411
#55B1F7	#55B1F7	0.909090909090909	0.889610389610389	1	0.893939393939394	0.924242424242424	0.867965367965368	0.911255411255411
#55B1F7	#55B1F7	0.909090909090909	0.889610389610389	1	0.893939393939394	0.924242424242424	0.867965367965368	0.911255411255411
#55B1F7	#55B1F7	0.939393939393939	0.889610389610389	1	0.924242424242424	0.954545454545455	0.867965367965368	0.911255411255411
#4D9FDF	#4D9FDF	0.0606060606060606	0.889610389610389	1	0.0454545454545455	0.0757575757575758	0.867965367965368	0.911255411255411
#4D9FDF	#4D9FDF	0.0606060606060606	0.889610389610389	1	0.0454545454545455	0.0757575757575758	0.867965367965368	0.911255411255411
#4D9FDF	#4D9FDF	0.0909090909090909	0.889610389610389	1	0.0757575757575758	0.106060606060606	0.867965367965368	0.911255411255411
#4D9FDF	#4D9FDF	0.0909090909090909	0.889610389610389	1	0.0757575757575758	0.106060606060606	0.867965367965368	0.911255411255411
#4D9FDF	#4D9FDF	0.0909090909090909	0.889610389610389	1	0.0757575757575758	0.106060606060606	0.867965367965368	0.911255411255411
#4D9FDF	#4D9FDF	0.121212121212121	0.889610389610389	1	0.106060606060606	0.136363636363636	0.867965367965368	0.911255411255411
#4B9BD9	#4B9BD9	0.121212121212121	0.889610389610389	1	0.106060606060606	0.136363636363636	0.867965367965368	0.911255411255411
#4B9BD9	#4B9BD9	0.121212121212121	0.889610389610389	1	0.106060606060606	0.136363636363636	0.867965367965368	0.911255411255411
#4B9BD9	#4B9BD9	0.151515151515152	0.889610389610389	1	0.136363636363636	0.166666666666667	0.867965367965368	0.911255411255411
#4B9BD9	#4B9BD9	0.151515151515152	0.889610389610389	1	0.136363636363636	0.166666666666667	0.867965367965368	0.911255411255411
#4B9BD9	#4B9BD9	0.151515151515152	0.889610389610389	1	0.136363636363636	0.166666666666667	0.867965367965368	0.911255411255411
#4B9BD9	#4B9BD9	0.181818181818182	0.889610389610389	1	0.166666666666667	0.196969696969697	0.867965367965368	0.911255411255411
#4B9BD9	#4B9BD9	0.181818181818182	0.889610389610389	1	0.166666666666667	0.196969696969697	0.867965367965368	0.911255411255411
#4B9BD9	#4B9BD9	0.181818181818182	0.889610389610389	1	0.166666666666667	0.196969696969697	0.867965367965368	0.911255411255411
#4B9BD9	#4B9BD9	0.212121212121212	0.889610389610389	1	0.196969696969697	0.227272727272727	0.867965367965368	0.911255411255411
#4B9BD9	#4B9BD9	0.212121212121212	0.889610389610389	1	0.196969696969697	0.227272727272727	0.867965367965368	0.911255411255411
#4B9BD9	#4B9BD9	0.212121212121212	0.889610389610389	1	0.196969696969697	0.227272727272727	0.867965367965368	0.911255411255411
#4B9BD9	#4B9BD9	0.242424242424242	0.889610389610389	1	0.227272727272727	0.257575757575758	0.867965367965368	0.911255411255411
#4B9BD9	#4B9BD9	0.242424242424242	0.889610389610389	1	0.227272727272727	0.257575757575758	0.867965367965368	0.911255411255411
#4B9BD9	#4B9BD9	0.242424242424242	0.889610389610389	1	0.227272727272727	0.257575757575758	0.867965367965368	0.911255411255411
#4997D4	#4997D4	0.272727272727273	0.889610389610389	1	0.257575757575758	0.287878787878788	0.867965367965368	0.911255411255411
#4997D4	#4997D4	0.272727272727273	0.889610389610389	1	0.257575757575758	0.287878787878788	0.867965367965368	0.911255411255411
#4793CE	#4793CE	0.272727272727273	0.889610389610389	1	0.257575757575758	0.287878787878788	0.867965367965368	0.911255411255411
#4793CE	#4793CE	0.303030303030303	0.889610389610389	1	0.287878787878788	0.318181818181818	0.867965367965368	0.911255411255411
#4793CE	#4793CE	0.303030303030303	0.889610389610389	1	0.287878787878788	0.318181818181818	0.867965367965368	0.911255411255411
#4793CE	#4793CE	0.303030303030303	0.889610389610389	1	0.287878787878788	0.318181818181818	0.867965367965368	0.911255411255411
#4793CE	#4793CE	0.333333333333333	0.889610389610389	1	0.318181818181818	0.348484848484849	0.867965367965368	0.911255411255411
#4793CE	#4793CE	0.333333333333333	0.889610389610389	1	0.318181818181818	0.348484848484849	0.867965367965368	0.911255411255411
#4793CE	#4793CE	0.333333333333333	0.889610389610389	1	0.318181818181818	0.348484848484849	0.867965367965368	0.911255411255411
#458EC9	#458EC9	0.363636363636364	0.889610389610389	1	0.348484848484849	0.378787878787879	0.867965367965368	0.911255411255411
#458EC9	#458EC9	0.363636363636364	0.889610389610389	1	0.348484848484849	0.378787878787879	0.867965367965368	0.911255411255411
#458EC9	#458EC9	0.363636363636364	0.889610389610389	1	0.348484848484849	0.378787878787879	0.867965367965368	0.911255411255411
#458EC9	#458EC9	0.393939393939394	0.889610389610389	1	0.378787878787879	0.409090909090909	0.867965367965368	0.911255411255411
#4793CE	#4793CE	0.393939393939394	0.889610389610389	1	0.378787878787879	0.409090909090909	0.867965367965368	0.911255411255411
#4793CE	#4793CE	0.393939393939394	0.889610389610389	1	0.378787878787879	0.409090909090909	0.867965367965368	0.911255411255411
#4997D4	#4997D4	0.424242424242424	0.889610389610389	1	0.409090909090909	0.439393939393939	0.867965367965368	0.911255411255411
#4997D4	#4997D4	0.424242424242424	0.889610389610389	1	0.409090909090909	0.439393939393939	0.867965367965368	0.911255411255411
#4B9BD9	#4B9BD9	0.424242424242424	0.889610389610389	1	0.409090909090909	0.439393939393939	0.867965367965368	0.911255411255411
#4B9BD9	#4B9BD9	0.454545454545455	0.889610389610389	1	0.439393939393939	0.46969696969697	0.867965367965368	0.911255411255411
#4B9BD9	#4B9BD9	0.454545454545455	0.889610389610389	1	0.439393939393939	0.46969696969697	0.867965367965368	0.911255411255411
#4B9BD9	#4B9BD9	0.454545454545455	0.889610389610389	1	0.439393939393939	0.46969696969697	0.867965367965368	0.911255411255411
#4B9BD9	#4B9BD9	0.484848484848485	0.889610389610389	1	0.46969696969697	0.5	0.867965367965368	0.911255411255411
#4B9BD9	#4B9BD9	0.484848484848485	0.889610389610389	1	0.46969696969697	0.5	0.867965367965368	0.911255411255411
#4B9BD9	#4B9BD9	0.484848484848485	0.889610389610389	1	0.46969696969697	0.5	0.867965367965368	0.911255411255411
#4B9BD9	#4B9BD9	0.515151515151515	0.889610389610389	1	0.5	0.53030303030303	0.867965367965368	0.911255411255411
#4B9BD9	#4B9BD9	0.515151515151515	0.889610389610389	1	0.5	0.53030303030303	0.867965367965368	0.911255411255411
#4D9FDF	#4D9FDF	0.515151515151515	0.889610389610389	1	0.5	0.53030303030303	0.867965367965368	0.911255411255411
#4D9FDF	#4D9FDF	0.545454545454545	0.889610389610389	1	0.53030303030303	0.560606060606061	0.867965367965368	0.911255411255411
#4D9FDF	#4D9FDF	0.545454545454545	0.889610389610389	1	0.53030303030303	0.560606060606061	0.867965367965368	0.911255411255411
#4D9FDF	#4D9FDF	0.545454545454545	0.889610389610389	1	0.53030303030303	0.560606060606061	0.867965367965368	0.911255411255411
#4D9FDF	#4D9FDF	0.575757575757576	0.889610389610389	1	0.560606060606061	0.590909090909091	0.867965367965368	0.911255411255411
#4D9FDF	#4D9FDF	0.575757575757576	0.889610389610389	1	0.560606060606061	0.590909090909091	0.867965367965368	0.911255411255411
#4D9FDF	#4D9FDF	0.575757575757576	0.889610389610389	1	0.560606060606061	0.590909090909091	0.867965367965368	0.911255411255411
#4D9FDF	#4D9FDF	0.606060606060606	0.889610389610389	1	0.590909090909091	0.621212121212121	0.867965367965368	0.911255411255411
#4D9FDF	#4D9FDF	0.606060606060606	0.889610389610389	1	0.590909090909091	0.621212121212121	0.867965367965368	0.911255411255411
#4FA4E5	#4FA4E5	0.606060606060606	0.889610389610389	1	0.590909090909091	0.621212121212121	0.867965367965368	0.911255411255411
#4FA4E5	#4FA4E5	0.636363636363636	0.889610389610389	1	0.621212121212121	0.651515151515151	0.867965367965368	0.911255411255411
#4FA4E5	#4FA4E5	0.636363636363636	0.889610389610389	1	0.621212121212121	0.651515151515151	0.867965367965368	0.911255411255411
#4FA4E5	#4FA4E5	0.636363636363636	0.889610389610389	1	0.621212121212121	0.651515151515151	0.867965367965368	0.911255411255411
#4FA4E5	#4FA4E5	0.666666666666667	0.889610389610389	1	0.651515151515151	0.681818181818182	0.867965367965368	0.911255411255411
#4FA4E5	#4FA4E5	0.666666666666667	0.889610389610389	1	0.651515151515151	0.681818181818182	0.867965367965368	0.911255411255411
#4FA4E5	#4FA4E5	0.666666666666667	0.889610389610389	1	0.651515151515151	0.681818181818182	0.867965367965368	0.911255411255411
#4FA4E5	#4FA4E5	0.696969696969697	0.889610389610389	1	0.681818181818182	0.712121212121212	0.867965367965368	0.911255411255411
#4FA4E5	#4FA4E5	0.696969696969697	0.889610389610389	1	0.681818181818182	0.712121212121212	0.867965367965368	0.911255411255411
#51A8EB	#51A8EB	0.696969696969697	0.889610389610389	1	0.681818181818182	0.712121212121212	0.867965367965368	0.911255411255411
#51A8EB	#51A8EB	0.727272727272727	0.889610389610389	1	0.712121212121212	0.742424242424242	0.867965367965368	0.911255411255411
#51A8EB	#51A8EB	0.727272727272727	0.889610389610389	1	0.712121212121212	0.742424242424242	0.867965367965368	0.911255411255411
#51A8EB	#51A8EB	0.727272727272727	0.889610389610389	1	0.712121212121212	0.742424242424242	0.867965367965368	0.911255411255411
#51A8EB	#51A8EB	0.757575757575758	0.889610389610389	1	0.742424242424242	0.772727272727273	0.867965367965368	0.911255411255411
#53ACF1	#53ACF1	0.757575757575758	0.889610389610389	1	0.742424242424242	0.772727272727273	0.867965367965368	0.911255411255411
#53ACF1	#53ACF1	0.757575757575758	0.889610389610389	1	0.742424242424242	0.772727272727273	0.867965367965368	0.911255411255411
#53ACF1	#53ACF1	0.787878787878788	0.889610389610389	1	0.772727272727273	0.803030303030303	0.867965367965368	0.911255411255411
#53ACF1	#53ACF1	0.787878787878788	0.889610389610389	1	0.772727272727273	0.803030303030303	0.867965367965368	0.911255411255411
#53ACF1	#53ACF1	0.787878787878788	0.889610389610389	1	0.772727272727273	0.803030303030303	0.867965367965368	0.911255411255411
#53ACF1	#53ACF1	0.818181818181818	0.889610389610389	1	0.803030303030303	0.833333333333333	0.867965367965368	0.911255411255411
#53ACF1	#53ACF1	0.818181818181818	0.889610389610389	1	0.803030303030303	0.833333333333333	0.867965367965368	0.911255411255411
#53ACF1	#53ACF1	0.818181818181818	0.889610389610389	1	0.803030303030303	0.833333333333333	0.867965367965368	0.911255411255411
#53ACF1	#53ACF1	0.848484848484849	0.889610389610389	1	0.833333333333333	0.863636363636364	0.867965367965368	0.911255411255411
#53ACF1	#53ACF1	0.848484848484849	0.889610389610389	1	0.833333333333333	0.863636363636364	0.867965367965368	0.911255411255411
#53ACF1	#53ACF1	0.848484848484849	0.889610389610389	1	0.833333333333333	0.863636363636364	0.867965367965368	0.911255411255411
#55B1F7	#55B1F7	0.878787878787879	0.889610389610389	1	0.863636363636364	0.893939393939394	0.867965367965368	0.911255411255411
#55B1F7	#55B1F7	0.878787878787879	0.889610389610389	1	0.863636363636364	0.893939393939394	0.867965367965368	0.911255411255411
#55B1F7	#55B1F7	0.878787878787879	0.889610389610389	1	0.863636363636364	0.893939393939394	0.867965367965368	0.911255411255411
#55B1F7	#55B1F7	0.909090909090909	0.889610389610389	1	0.893939393939394	0.924242424242424	0.867965367965368	0.911255411255411
#55B1F7	#55B1F7	0.909090909090909	0.889610389610389	1	0.893939393939394	0.924242424242424	0.867965367965368	0.911255411255411
#55B1F7	#55B1F7	0.909090909090909	0.889610389610389	1	0.893939393939394	0.924242424242424	0.867965367965368	0.911255411255411
#55B1F7	#55B1F7	0.939393939393939	0.889610389610389	1	0.924242424242424	0.954545454545455	0.867965367965368	0.911255411255411
#4FA4E5	#4FA4E5	0.0606060606060606	0.889610389610389	1	0.0454545454545455	0.0757575757575758	0.867965367965368	0.911255411255411
#4D9FDF	#4D9FDF	0.0606060606060606	0.889610389610389	1	0.0454545454545455	0.0757575757575758	0.867965367965368	0.911255411255411
#4D9FDF	#4D9FDF	0.0909090909090909	0.889610389610389	1	0.0757575757575758	0.106060606060606	0.867965367965368	0.911255411255411
#4D9FDF	#4D9FDF	0.0909090909090909	0.889610389610389	1	0.0757575757575758	0.106060606060606	0.867965367965368	0.911255411255411
#4D9FDF	#4D9FDF	0.0909090909090909	0.889610389610389	1	0.0757575757575758	0.106060606060606	0.867965367965368	0.911255411255411
#4D9FDF	#4D9FDF	0.121212121212121	0.889610389610389	1	0.106060606060606	0.136363636363636	0.867965367965368	0.911255411255411
#4D9FDF	#4D9FDF	0.121212121212121	0.889610389610389	1	0.106060606060606	0.136363636363636	0.867965367965368	0.911255411255411
#4B9BD9	#4B9BD9	0.121212121212121	0.889610389610389	1	0.106060606060606	0.136363636363636	0.867965367965368	0.911255411255411
#4B9BD9	#4B9BD9	0.151515151515152	0.889610389610389	1	0.136363636363636	0.166666666666667	0.867965367965368	0.911255411255411
#4B9BD9	#4B9BD9	0.151515151515152	0.889610389610389	1	0.136363636363636	0.166666666666667	0.867965367965368	0.911255411255411
#4B9BD9	#4B9BD9	0.151515151515152	0.889610389610389	1	0.136363636363636	0.166666666666667	0.867965367965368	0.911255411255411
#4B9BD9	#4B9BD9	0.181818181818182	0.889610389610389	1	0.166666666666667	0.196969696969697	0.867965367965368	0.911255411255411
#4B9BD9	#4B9BD9	0.181818181818182	0.889610389610389	1	0.166666666666667	0.196969696969697	0.867965367965368	0.911255411255411
#4B9BD9	#4B9BD9	0.181818181818182	0.889610389610389	1	0.166666666666667	0.196969696969697	0.867965367965368	0.911255411255411
#4B9BD9	#4B9BD9	0.212121212121212	0.889610389610389	1	0.196969696969697	0.227272727272727	0.867965367965368	0.911255411255411
#4B9BD9	#4B9BD9	0.212121212121212	0.889610389610389	1	0.196969696969697	0.227272727272727	0.867965367965368	0.911255411255411
#4B9BD9	#4B9BD9	0.212121212121212	0.889610389610389	1	0.196969696969697	0.227272727272727	0.867965367965368	0.911255411255411
#4B9BD9	#4B9BD9	0.242424242424242	0.889610389610389	1	0.227272727272727	0.257575757575758	0.867965367965368	0.911255411255411
#4B9BD9	#4B9BD9	0.242424242424242	0.889610389610389	1	0.227272727272727	0.257575757575758	0.867965367965368	0.911255411255411
#4B9BD9	#4B9BD9	0.242424242424242	0.889610389610389	1	0.227272727272727	0.257575757575758	0.867965367965368	0.911255411255411
#4B9BD9	#4B9BD9	0.272727272727273	0.889610389610389	1	0.257575757575758	0.287878787878788	0.867965367965368	0.911255411255411
#4B9BD9	#4B9BD9	0.272727272727273	0.889610389610389	1	0.257575757575758	0.287878787878788	0.867965367965368	0.911255411255411
#4B9BD9	#4B9BD9	0.272727272727273	0.889610389610389	1	0.257575757575758	0.287878787878788	0.867965367965368	0.911255411255411
#4B9BD9	#4B9BD9	0.303030303030303	0.889610389610389	1	0.287878787878788	0.318181818181818	0.867965367965368	0.911255411255411
#4B9BD9	#4B9BD9	0.303030303030303	0.889610389610389	1	0.287878787878788	0.318181818181818	0.867965367965368	0.911255411255411
#4B9BD9	#4B9BD9	0.303030303030303	0.889610389610389	1	0.287878787878788	0.318181818181818	0.867965367965368	0.911255411255411
#4B9BD9	#4B9BD9	0.333333333333333	0.889610389610389	1	0.318181818181818	0.348484848484849	0.867965367965368	0.911255411255411
#4997D4	#4997D4	0.333333333333333	0.889610389610389	1	0.318181818181818	0.348484848484849	0.867965367965368	0.911255411255411
#4997D4	#4997D4	0.333333333333333	0.889610389610389	1	0.318181818181818	0.348484848484849	0.867965367965368	0.911255411255411
#4793CE	#4793CE	0.363636363636364	0.889610389610389	1	0.348484848484849	0.378787878787879	0.867965367965368	0.911255411255411
#4793CE	#4793CE	0.363636363636364	0.889610389610389	1	0.348484848484849	0.378787878787879	0.867965367965368	0.911255411255411
#4793CE	#4793CE	0.363636363636364	0.889610389610389	1	0.348484848484849	0.378787878787879	0.867965367965368	0.911255411255411
#4997D4	#4997D4	0.393939393939394	0.889610389610389	1	0.378787878787879	0.409090909090909	0.867965367965368	0.911255411255411
#4997D4	#4997D4	0.393939393939394	0.889610389610389	1	0.378787878787879	0.409090909090909	0.867965367965368	0.911255411255411
#4B9BD9	#4B9BD9	0.393939393939394	0.889610389610389	1	0.378787878787879	0.409090909090909	0.867965367965368	0.911255411255411
#4B9BD9	#4B9BD9	0.424242424242424	0.889610389610389	1	0.409090909090909	0.439393939393939	0.867965367965368	0.911255411255411
#4B9BD9	#4B9BD9	0.424242424242424	0.889610389610389	1	0.409090909090909	0.439393939393939	0.867965367965368	0.911255411255411
#4B9BD9	#4B9BD9	0.424242424242424	0.889610389610389	1	0.409090909090909	0.439393939393939	0.867965367965368	0.911255411255411
#4B9BD9	#4B9BD9	0.454545454545455	0.889610389610389	1	0.439393939393939	0.46969696969697	0.867965367965368	0.911255411255411
#4B9BD9	#4B9BD9	0.454545454545455	0.889610389610389	1	0.439393939393939	0.46969696969697	0.867965367965368	0.911255411255411
#4B9BD9	#4B9BD9	0.454545454545455	0.889610389610389	1	0.439393939393939	0.46969696969697	0.867965367965368	0.911255411255411
#4B9BD9	#4B9BD9	0.484848484848485	0.889610389610389	1	0.46969696969697	0.5	0.867965367965368	0.911255411255411
#4B9BD9	#4B9BD9	0.484848484848485	0.889610389610389	1	0.46969696969697	0.5	0.867965367965368	0.911255411255411
#4B9BD9	#4B9BD9	0.484848484848485	0.889610389610389	1	0.46969696969697	0.5	0.867965367965368	0.911255411255411
#4B9BD9	#4B9BD9	0.515151515151515	0.889610389610389	1	0.5	0.53030303030303	0.867965367965368	0.911255411255411
#4D9FDF	#4D9FDF	0.515151515151515	0.889610389610389	1	0.5	0.53030303030303	0.867965367965368	0.911255411255411
#4D9FDF	#4D9FDF	0.515151515151515	0.889610389610389	1	0.5	0.53030303030303	0.867965367965368	0.911255411255411
#4D9FDF	#4D9FDF	0.545454545454545	0.889610389610389	1	0.53030303030303	0.560606060606061	0.867965367965368	0.911255411255411
#4D9FDF	#4D9FDF	0.545454545454545	0.889610389610389	1	0.53030303030303	0.560606060606061	0.867965367965368	0.911255411255411
#4D9FDF	#4D9FDF	0.545454545454545	0.889610389610389	1	0.53030303030303	0.560606060606061	0.867965367965368	0.911255411255411
#4D9FDF	#4D9FDF	0.575757575757576	0.889610389610389	1	0.560606060606061	0.590909090909091	0.867965367965368	0.911255411255411
#4D9FDF	#4D9FDF	0.575757575757576	0.889610389610389	1	0.560606060606061	0.590909090909091	0.867965367965368	0.911255411255411
#4D9FDF	#4D9FDF	0.575757575757576	0.889610389610389	1	0.560606060606061	0.590909090909091	0.867965367965368	0.911255411255411
#4FA4E5	#4FA4E5	0.606060606060606	0.889610389610389	1	0.590909090909091	0.621212121212121	0.867965367965368	0.911255411255411
#4FA4E5	#4FA4E5	0.606060606060606	0.889610389610389	1	0.590909090909091	0.621212121212121	0.867965367965368	0.911255411255411
#4FA4E5	#4FA4E5	0.606060606060606	0.889610389610389	1	0.590909090909091	0.621212121212121	0.867965367965368	0.911255411255411
#4FA4E5	#4FA4E5	0.636363636363636	0.889610389610389	1	0.621212121212121	0.651515151515151	0.867965367965368	0.911255411255411
#4FA4E5	#4FA4E5	0.636363636363636	0.889610389610389	1	0.621212121212121	0.651515151515151	0.867965367965368	0.911255411255411
#4FA4E5	#4FA4E5	0.636363636363636	0.889610389610389	1	0.621212121212121	0.651515151515151	0.867965367965368	0.911255411255411
#4FA4E5	#4FA4E5	0.666666666666667	0.889610389610389	1	0.651515151515151	0.681818181818182	0.867965367965368	0.911255411255411
#4FA4E5	#4FA4E5	0.666666666666667	0.889610389610389	1	0.651515151515151	0.681818181818182	0.867965367965368	0.911255411255411
#4FA4E5	#4FA4E5	0.666666666666667	0.889610389610389	1	0.651515151515151	0.681818181818182	0.867965367965368	0.911255411255411
#4FA4E5	#4FA4E5	0.696969696969697	0.889610389610389	1	0.681818181818182	0.712121212121212	0.867965367965368	0.911255411255411
#51A8EB	#51A8EB	0.696969696969697	0.889610389610389	1	0.681818181818182	0.712121212121212	0.867965367965368	0.911255411255411
#51A8EB	#51A8EB	0.696969696969697	0.889610389610389	1	0.681818181818182	0.712121212121212	0.867965367965368	0.911255411255411
#51A8EB	#51A8EB	0.727272727272727	0.889610389610389	1	0.712121212121212	0.742424242424242	0.867965367965368	0.911255411255411
#51A8EB	#51A8EB	0.727272727272727	0.889610389610389	1	0.712121212121212	0.742424242424242	0.867965367965368	0.911255411255411
#51A8EB	#51A8EB	0.727272727272727	0.889610389610389	1	0.712121212121212	0.742424242424242	0.867965367965368	0.911255411255411
#51A8EB	#51A8EB	0.757575757575758	0.889610389610389	1	0.742424242424242	0.772727272727273	0.867965367965368	0.911255411255411
#53ACF1	#53ACF1	0.757575757575758	0.889610389610389	1	0.742424242424242	0.772727272727273	0.867965367965368	0.911255411255411
#53ACF1	#53ACF1	0.757575757575758	0.889610389610389	1	0.742424242424242	0.772727272727273	0.867965367965368	0.911255411255411
#53ACF1	#53ACF1	0.787878787878788	0.889610389610389	1	0.772727272727273	0.803030303030303	0.867965367965368	0.911255411255411
#53ACF1	#53ACF1	0.787878787878788	0.889610389610389	1	0.772727272727273	0.803030303030303	0.867965367965368	0.911255411255411
#53ACF1	#53ACF1	0.787878787878788	0.889610389610389	1	0.772727272727273	0.803030303030303	0.867965367965368	0.911255411255411
#53ACF1	#53ACF1	0.818181818181818	0.889610389610389	1	0.803030303030303	0.833333333333333	0.867965367965368	0.911255411255411
#53ACF1	#53ACF1	0.818181818181818	0.889610389610389	1	0.803030303030303	0.833333333333333	0.867965367965368	0.911255411255411
#53ACF1	#53ACF1	0.818181818181818	0.889610389610389	1	0.803030303030303	0.833333333333333	0.867965367965368	0.911255411255411
#53ACF1	#53ACF1	0.848484848484849	0.889610389610389	1	0.833333333333333	0.863636363636364	0.867965367965368	0.911255411255411
#53ACF1	#53ACF1	0.848484848484849	0.889610389610389	1	0.833333333333333	0.863636363636364	0.867965367965368	0.911255411255411
#53ACF1	#53ACF1	0.848484848484849	0.889610389610389	1	0.833333333333333	0.863636363636364	0.867965367965368	0.911255411255411
#55B1F7	#55B1F7	0.878787878787879	0.889610389610389	1	0.863636363636364	0.893939393939394	0.867965367965368	0.911255411255411
#55B1F7	#55B1F7	0.878787878787879	0.889610389610389	1	0.863636363636364	0.893939393939394	0.867965367965368	0.911255411255411
#55B1F7	#55B1F7	0.878787878787879	0.889610389610389	1	0.863636363636364	0.893939393939394	0.867965367965368	0.911255411255411
#55B1F7	#55B1F7	0.909090909090909	0.889610389610389	1	0.893939393939394	0.924242424242424	0.867965367965368	0.911255411255411
#55B1F7	#55B1F7	0.909090909090909	0.889610389610389	1	0.893939393939394	0.924242424242424	0.867965367965368	0.911255411255411
#55B1F7	#55B1F7	0.909090909090909	0.889610389610389	1	0.893939393939394	0.924242424242424	0.867965367965368	0.911255411255411
#55B1F7	#55B1F7	0.939393939393939	0.889610389610389	1	0.924242424242424	0.954545454545455	0.867965367965368	0.911255411255411
#4FA4E5	#4FA4E5	0.0606060606060606	0.932900432900433	1	0.0454545454545455	0.0757575757575758	0.911255411255411	0.954545454545454
#4FA4E5	#4FA4E5	0.0606060606060606	0.932900432900433	1	0.0454545454545455	0.0757575757575758	0.911255411255411	0.954545454545454
#4D9FDF	#4D9FDF	0.0909090909090909	0.932900432900433	1	0.0757575757575758	0.106060606060606	0.911255411255411	0.954545454545454
#4D9FDF	#4D9FDF	0.0909090909090909	0.932900432900433	1	0.0757575757575758	0.106060606060606	0.911255411255411	0.954545454545454
#4D9FDF	#4D9FDF	0.0909090909090909	0.932900432900433	1	0.0757575757575758	0.106060606060606	0.911255411255411	0.954545454545454
#4D9FDF	#4D9FDF	0.121212121212121	0.932900432900433	1	0.106060606060606	0.136363636363636	0.911255411255411	0.954545454545454
#4D9FDF	#4D9FDF	0.121212121212121	0.932900432900433	1	0.106060606060606	0.136363636363636	0.911255411255411	0.954545454545454
#4D9FDF	#4D9FDF	0.121212121212121	0.932900432900433	1	0.106060606060606	0.136363636363636	0.911255411255411	0.954545454545454
#4D9FDF	#4D9FDF	0.151515151515152	0.932900432900433	1	0.136363636363636	0.166666666666667	0.911255411255411	0.954545454545454
#4D9FDF	#4D9FDF	0.151515151515152	0.932900432900433	1	0.136363636363636	0.166666666666667	0.911255411255411	0.954545454545454
#4D9FDF	#4D9FDF	0.151515151515152	0.932900432900433	1	0.136363636363636	0.166666666666667	0.911255411255411	0.954545454545454
#4D9FDF	#4D9FDF	0.181818181818182	0.932900432900433	1	0.166666666666667	0.196969696969697	0.911255411255411	0.954545454545454
#4D9FDF	#4D9FDF	0.181818181818182	0.932900432900433	1	0.166666666666667	0.196969696969697	0.911255411255411	0.954545454545454
#4D9FDF	#4D9FDF	0.181818181818182	0.932900432900433	1	0.166666666666667	0.196969696969697	0.911255411255411	0.954545454545454
#4D9FDF	#4D9FDF	0.212121212121212	0.932900432900433	1	0.196969696969697	0.227272727272727	0.911255411255411	0.954545454545454
#4D9FDF	#4D9FDF	0.212121212121212	0.932900432900433	1	0.196969696969697	0.227272727272727	0.911255411255411	0.954545454545454
#4D9FDF	#4D9FDF	0.212121212121212	0.932900432900433	1	0.196969696969697	0.227272727272727	0.911255411255411	0.954545454545454
#4D9FDF	#4D9FDF	0.242424242424242	0.932900432900433	1	0.227272727272727	0.257575757575758	0.911255411255411	0.954545454545454
#4D9FDF	#4D9FDF	0.242424242424242	0.932900432900433	1	0.227272727272727	0.257575757575758	0.911255411255411	0.954545454545454
#4B9BD9	#4B9BD9	0.242424242424242	0.932900432900433	1	0.227272727272727	0.257575757575758	0.911255411255411	0.954545454545454
#4B9BD9	#4B9BD9	0.272727272727273	0.932900432900433	1	0.257575757575758	0.287878787878788	0.911255411255411	0.954545454545454
#4B9BD9	#4B9BD9	0.272727272727273	0.932900432900433	1	0.257575757575758	0.287878787878788	0.911255411255411	0.954545454545454
#4D9FDF	#4D9FDF	0.272727272727273	0.932900432900433	1	0.257575757575758	0.287878787878788	0.911255411255411	0.954545454545454
#4D9FDF	#4D9FDF	0.303030303030303	0.932900432900433	1	0.287878787878788	0.318181818181818	0.911255411255411	0.954545454545454
#4B9BD9	#4B9BD9	0.303030303030303	0.932900432900433	1	0.287878787878788	0.318181818181818	0.911255411255411	0.954545454545454
#4B9BD9	#4B9BD9	0.303030303030303	0.932900432900433	1	0.287878787878788	0.318181818181818	0.911255411255411	0.954545454545454
#4B9BD9	#4B9BD9	0.333333333333333	0.932900432900433	1	0.318181818181818	0.348484848484849	0.911255411255411	0.954545454545454
#4B9BD9	#4B9BD9	0.333333333333333	0.932900432900433	1	0.318181818181818	0.348484848484849	0.911255411255411	0.954545454545454
#4997D4	#4997D4	0.333333333333333	0.932900432900433	1	0.318181818181818	0.348484848484849	0.911255411255411	0.954545454545454
#4997D4	#4997D4	0.363636363636364	0.932900432900433	1	0.348484848484849	0.378787878787879	0.911255411255411	0.954545454545454
#4997D4	#4997D4	0.363636363636364	0.932900432900433	1	0.348484848484849	0.378787878787879	0.911255411255411	0.954545454545454
#4997D4	#4997D4	0.363636363636364	0.932900432900433	1	0.348484848484849	0.378787878787879	0.911255411255411	0.954545454545454
#4997D4	#4997D4	0.393939393939394	0.932900432900433	1	0.378787878787879	0.409090909090909	0.911255411255411	0.954545454545454
#4B9BD9	#4B9BD9	0.393939393939394	0.932900432900433	1	0.378787878787879	0.409090909090909	0.911255411255411	0.954545454545454
#4B9BD9	#4B9BD9	0.393939393939394	0.932900432900433	1	0.378787878787879	0.409090909090909	0.911255411255411	0.954545454545454
#4B9BD9	#4B9BD9	0.424242424242424	0.932900432900433	1	0.409090909090909	0.439393939393939	0.911255411255411	0.954545454545454
#4B9BD9	#4B9BD9	0.424242424242424	0.932900432900433	1	0.409090909090909	0.439393939393939	0.911255411255411	0.954545454545454
#4B9BD9	#4B9BD9	0.424242424242424	0.932900432900433	1	0.409090909090909	0.439393939393939	0.911255411255411	0.954545454545454
#4B9BD9	#4B9BD9	0.454545454545455	0.932900432900433	1	0.439393939393939	0.46969696969697	0.911255411255411	0.954545454545454
#4B9BD9	#4B9BD9	0.454545454545455	0.932900432900433	1	0.439393939393939	0.46969696969697	0.911255411255411	0.954545454545454
#4B9BD9	#4B9BD9	0.454545454545455	0.932900432900433	1	0.439393939393939	0.46969696969697	0.911255411255411	0.954545454545454
#4D9FDF	#4D9FDF	0.484848484848485	0.932900432900433	1	0.46969696969697	0.5	0.911255411255411	0.954545454545454
#4D9FDF	#4D9FDF	0.484848484848485	0.932900432900433	1	0.46969696969697	0.5	0.911255411255411	0.954545454545454
#4D9FDF	#4D9FDF	0.484848484848485	0.932900432900433	1	0.46969696969697	0.5	0.911255411255411	0.954545454545454
#4D9FDF	#4D9FDF	0.515151515151515	0.932900432900433	1	0.5	0.53030303030303	0.911255411255411	0.954545454545454
#4D9FDF	#4D9FDF	0.515151515151515	0.932900432900433	1	0.5	0.53030303030303	0.911255411255411	0.954545454545454
#4D9FDF	#4D9FDF	0.515151515151515	0.932900432900433	1	0.5	0.53030303030303	0.911255411255411	0.954545454545454
#4D9FDF	#4D9FDF	0.545454545454545	0.932900432900433	1	0.53030303030303	0.560606060606061	0.911255411255411	0.954545454545454
#4FA4E5	#4FA4E5	0.545454545454545	0.932900432900433	1	0.53030303030303	0.560606060606061	0.911255411255411	0.954545454545454
#4FA4E5	#4FA4E5	0.545454545454545	0.932900432900433	1	0.53030303030303	0.560606060606061	0.911255411255411	0.954545454545454
#4FA4E5	#4FA4E5	0.575757575757576	0.932900432900433	1	0.560606060606061	0.590909090909091	0.911255411255411	0.954545454545454
#4FA4E5	#4FA4E5	0.575757575757576	0.932900432900433	1	0.560606060606061	0.590909090909091	0.911255411255411	0.954545454545454
#4FA4E5	#4FA4E5	0.575757575757576	0.932900432900433	1	0.560606060606061	0.590909090909091	0.911255411255411	0.954545454545454
#4FA4E5	#4FA4E5	0.606060606060606	0.932900432900433	1	0.590909090909091	0.621212121212121	0.911255411255411	0.954545454545454
#4FA4E5	#4FA4E5	0.606060606060606	0.932900432900433	1	0.590909090909091	0.621212121212121	0.911255411255411	0.954545454545454
#4FA4E5	#4FA4E5	0.606060606060606	0.932900432900433	1	0.590909090909091	0.621212121212121	0.911255411255411	0.954545454545454
#4FA4E5	#4FA4E5	0.636363636363636	0.932900432900433	1	0.621212121212121	0.651515151515151	0.911255411255411	0.954545454545454
#4FA4E5	#4FA4E5	0.636363636363636	0.932900432900433	1	0.621212121212121	0.651515151515151	0.911255411255411	0.954545454545454
#4FA4E5	#4FA4E5	0.636363636363636	0.932900432900433	1	0.621212121212121	0.651515151515151	0.911255411255411	0.954545454545454
#4FA4E5	#4FA4E5	0.666666666666667	0.932900432900433	1	0.651515151515151	0.681818181818182	0.911255411255411	0.954545454545454
#4FA4E5	#4FA4E5	0.666666666666667	0.932900432900433	1	0.651515151515151	0.681818181818182	0.911255411255411	0.954545454545454
#51A8EB	#51A8EB	0.666666666666667	0.932900432900433	1	0.651515151515151	0.681818181818182	0.911255411255411	0.954545454545454
#51A8EB	#51A8EB	0.696969696969697	0.932900432900433	1	0.681818181818182	0.712121212121212	0.911255411255411	0.954545454545454
#51A8EB	#51A8EB	0.696969696969697	0.932900432900433	1	0.681818181818182	0.712121212121212	0.911255411255411	0.954545454545454
#51A8EB	#51A8EB	0.696969696969697	0.932900432900433	1	0.681818181818182	0.712121212121212	0.911255411255411	0.954545454545454
#51A8EB	#51A8EB	0.727272727272727	0.932900432900433	1	0.712121212121212	0.742424242424242	0.911255411255411	0.954545454545454
#51A8EB	#51A8EB	0.727272727272727	0.932900432900433	1	0.712121212121212	0.742424242424242	0.911255411255411	0.954545454545454
#51A8EB	#51A8EB	0.727272727272727	0.932900432900433	1	0.712121212121212	0.742424242424242	0.911255411255411	0.954545454545454
#51A8EB	#51A8EB	0.757575757575758	0.932900432900433	1	0.742424242424242	0.772727272727273	0.911255411255411	0.954545454545454
#53ACF1	#53ACF1	0.757575757575758	0.932900432900433	1	0.742424242424242	0.772727272727273	0.911255411255411	0.954545454545454
#53ACF1	#53ACF1	0.757575757575758	0.932900432900433	1	0.742424242424242	0.772727272727273	0.911255411255411	0.954545454545454
#53ACF1	#53ACF1	0.787878787878788	0.932900432900433	1	0.772727272727273	0.803030303030303	0.911255411255411	0.954545454545454
#53ACF1	#53ACF1	0.787878787878788	0.932900432900433	1	0.772727272727273	0.803030303030303	0.911255411255411	0.954545454545454
#53ACF1	#53ACF1	0.787878787878788	0.932900432900433	1	0.772727272727273	0.803030303030303	0.911255411255411	0.954545454545454
#53ACF1	#53ACF1	0.818181818181818	0.932900432900433	1	0.803030303030303	0.833333333333333	0.911255411255411	0.954545454545454
#53ACF1	#53ACF1	0.818181818181818	0.932900432900433	1	0.803030303030303	0.833333333333333	0.911255411255411	0.954545454545454
#53ACF1	#53ACF1	0.818181818181818	0.932900432900433	1	0.803030303030303	0.833333333333333	0.911255411255411	0.954545454545454
#53ACF1	#53ACF1	0.848484848484849	0.932900432900433	1	0.833333333333333	0.863636363636364	0.911255411255411	0.954545454545454
#53ACF1	#53ACF1	0.848484848484849	0.932900432900433	1	0.833333333333333	0.863636363636364	0.911255411255411	0.954545454545454
#55B1F7	#55B1F7	0.848484848484849	0.932900432900433	1	0.833333333333333	0.863636363636364	0.911255411255411	0.954545454545454
#55B1F7	#55B1F7	0.878787878787879	0.932900432900433	1	0.863636363636364	0.893939393939394	0.911255411255411	0.954545454545454
#55B1F7	#55B1F7	0.878787878787879	0.932900432900433	1	0.863636363636364	0.893939393939394	0.911255411255411	0.954545454545454
#55B1F7	#55B1F7	0.878787878787879	0.932900432900433	1	0.863636363636364	0.893939393939394	0.911255411255411	0.954545454545454
#55B1F7	#55B1F7	0.909090909090909	0.932900432900433	1	0.893939393939394	0.924242424242424	0.911255411255411	0.954545454545454
#55B1F7	#55B1F7	0.909090909090909	0.932900432900433	1	0.893939393939394	0.924242424242424	0.911255411255411	0.954545454545454
#55B1F7	#55B1F7	0.909090909090909	0.932900432900433	1	0.893939393939394	0.924242424242424	0.911255411255411	0.954545454545454
#55B1F7	#55B1F7	0.939393939393939	0.932900432900433	1	0.924242424242424	0.954545454545455	0.911255411255411	0.954545454545454
#4FA4E5	#4FA4E5	0.0606060606060606	0.932900432900433	1	0.0454545454545455	0.0757575757575758	0.911255411255411	0.954545454545454
#4FA4E5	#4FA4E5	0.0606060606060606	0.932900432900433	1	0.0454545454545455	0.0757575757575758	0.911255411255411	0.954545454545454
#4FA4E5	#4FA4E5	0.0909090909090909	0.932900432900433	1	0.0757575757575758	0.106060606060606	0.911255411255411	0.954545454545454
#4D9FDF	#4D9FDF	0.0909090909090909	0.932900432900433	1	0.0757575757575758	0.106060606060606	0.911255411255411	0.954545454545454
#4D9FDF	#4D9FDF	0.0909090909090909	0.932900432900433	1	0.0757575757575758	0.106060606060606	0.911255411255411	0.954545454545454
#4D9FDF	#4D9FDF	0.121212121212121	0.932900432900433	1	0.106060606060606	0.136363636363636	0.911255411255411	0.954545454545454
#4D9FDF	#4D9FDF	0.121212121212121	0.932900432900433	1	0.106060606060606	0.136363636363636	0.911255411255411	0.954545454545454
#4D9FDF	#4D9FDF	0.121212121212121	0.932900432900433	1	0.106060606060606	0.136363636363636	0.911255411255411	0.954545454545454
#4D9FDF	#4D9FDF	0.151515151515152	0.932900432900433	1	0.136363636363636	0.166666666666667	0.911255411255411	0.954545454545454
#4D9FDF	#4D9FDF	0.151515151515152	0.932900432900433	1	0.136363636363636	0.166666666666667	0.911255411255411	0.954545454545454
#4D9FDF	#4D9FDF	0.151515151515152	0.932900432900433	1	0.136363636363636	0.166666666666667	0.911255411255411	0.954545454545454
#4D9FDF	#4D9FDF	0.181818181818182	0.932900432900433	1	0.166666666666667	0.196969696969697	0.911255411255411	0.954545454545454
#4D9FDF	#4D9FDF	0.181818181818182	0.932900432900433	1	0.166666666666667	0.196969696969697	0.911255411255411	0.954545454545454
#4D9FDF	#4D9FDF	0.181818181818182	0.932900432900433	1	0.166666666666667	0.196969696969697	0.911255411255411	0.954545454545454
#4FA4E5	#4FA4E5	0.212121212121212	0.932900432900433	1	0.196969696969697	0.227272727272727	0.911255411255411	0.954545454545454
#4FA4E5	#4FA4E5	0.212121212121212	0.932900432900433	1	0.196969696969697	0.227272727272727	0.911255411255411	0.954545454545454
#4FA4E5	#4FA4E5	0.212121212121212	0.932900432900433	1	0.196969696969697	0.227272727272727	0.911255411255411	0.954545454545454
#4FA4E5	#4FA4E5	0.242424242424242	0.932900432900433	1	0.227272727272727	0.257575757575758	0.911255411255411	0.954545454545454
#4D9FDF	#4D9FDF	0.242424242424242	0.932900432900433	1	0.227272727272727	0.257575757575758	0.911255411255411	0.954545454545454
#4D9FDF	#4D9FDF	0.242424242424242	0.932900432900433	1	0.227272727272727	0.257575757575758	0.911255411255411	0.954545454545454
#4D9FDF	#4D9FDF	0.272727272727273	0.932900432900433	1	0.257575757575758	0.287878787878788	0.911255411255411	0.954545454545454
#4D9FDF	#4D9FDF	0.272727272727273	0.932900432900433	1	0.257575757575758	0.287878787878788	0.911255411255411	0.954545454545454
#4D9FDF	#4D9FDF	0.272727272727273	0.932900432900433	1	0.257575757575758	0.287878787878788	0.911255411255411	0.954545454545454
#4D9FDF	#4D9FDF	0.303030303030303	0.932900432900433	1	0.287878787878788	0.318181818181818	0.911255411255411	0.954545454545454
#4D9FDF	#4D9FDF	0.303030303030303	0.932900432900433	1	0.287878787878788	0.318181818181818	0.911255411255411	0.954545454545454
#4B9BD9	#4B9BD9	0.303030303030303	0.932900432900433	1	0.287878787878788	0.318181818181818	0.911255411255411	0.954545454545454
#4B9BD9	#4B9BD9	0.333333333333333	0.932900432900433	1	0.318181818181818	0.348484848484849	0.911255411255411	0.954545454545454
#4B9BD9	#4B9BD9	0.333333333333333	0.932900432900433	1	0.318181818181818	0.348484848484849	0.911255411255411	0.954545454545454
#4B9BD9	#4B9BD9	0.333333333333333	0.932900432900433	1	0.318181818181818	0.348484848484849	0.911255411255411	0.954545454545454
#4B9BD9	#4B9BD9	0.363636363636364	0.932900432900433	1	0.348484848484849	0.378787878787879	0.911255411255411	0.954545454545454
#4B9BD9	#4B9BD9	0.363636363636364	0.932900432900433	1	0.348484848484849	0.378787878787879	0.911255411255411	0.954545454545454
#4B9BD9	#4B9BD9	0.363636363636364	0.932900432900433	1	0.348484848484849	0.378787878787879	0.911255411255411	0.954545454545454
#4B9BD9	#4B9BD9	0.393939393939394	0.932900432900433	1	0.378787878787879	0.409090909090909	0.911255411255411	0.954545454545454
#4B9BD9	#4B9BD9	0.393939393939394	0.932900432900433	1	0.378787878787879	0.409090909090909	0.911255411255411	0.954545454545454
#4B9BD9	#4B9BD9	0.393939393939394	0.932900432900433	1	0.378787878787879	0.409090909090909	0.911255411255411	0.954545454545454
#4B9BD9	#4B9BD9	0.424242424242424	0.932900432900433	1	0.409090909090909	0.439393939393939	0.911255411255411	0.954545454545454
#4B9BD9	#4B9BD9	0.424242424242424	0.932900432900433	1	0.409090909090909	0.439393939393939	0.911255411255411	0.954545454545454
#4B9BD9	#4B9BD9	0.424242424242424	0.932900432900433	1	0.409090909090909	0.439393939393939	0.911255411255411	0.954545454545454
#4B9BD9	#4B9BD9	0.454545454545455	0.932900432900433	1	0.439393939393939	0.46969696969697	0.911255411255411	0.954545454545454
#4B9BD9	#4B9BD9	0.454545454545455	0.932900432900433	1	0.439393939393939	0.46969696969697	0.911255411255411	0.954545454545454
#4D9FDF	#4D9FDF	0.454545454545455	0.932900432900433	1	0.439393939393939	0.46969696969697	0.911255411255411	0.954545454545454
#4D9FDF	#4D9FDF	0.484848484848485	0.932900432900433	1	0.46969696969697	0.5	0.911255411255411	0.954545454545454
#4D9FDF	#4D9FDF	0.484848484848485	0.932900432900433	1	0.46969696969697	0.5	0.911255411255411	0.954545454545454
#4D9FDF	#4D9FDF	0.484848484848485	0.932900432900433	1	0.46969696969697	0.5	0.911255411255411	0.954545454545454
#4D9FDF	#4D9FDF	0.515151515151515	0.932900432900433	1	0.5	0.53030303030303	0.911255411255411	0.954545454545454
#4D9FDF	#4D9FDF	0.515151515151515	0.932900432900433	1	0.5	0.53030303030303	0.911255411255411	0.954545454545454
#4D9FDF	#4D9FDF	0.515151515151515	0.932900432900433	1	0.5	0.53030303030303	0.911255411255411	0.954545454545454
#4FA4E5	#4FA4E5	0.545454545454545	0.932900432900433	1	0.53030303030303	0.560606060606061	0.911255411255411	0.954545454545454
#4FA4E5	#4FA4E5	0.545454545454545	0.932900432900433	1	0.53030303030303	0.560606060606061	0.911255411255411	0.954545454545454
#4FA4E5	#4FA4E5	0.545454545454545	0.932900432900433	1	0.53030303030303	0.560606060606061	0.911255411255411	0.954545454545454
#4FA4E5	#4FA4E5	0.575757575757576	0.932900432900433	1	0.560606060606061	0.590909090909091	0.911255411255411	0.954545454545454
#4FA4E5	#4FA4E5	0.575757575757576	0.932900432900433	1	0.560606060606061	0.590909090909091	0.911255411255411	0.954545454545454
#4FA4E5	#4FA4E5	0.575757575757576	0.932900432900433	1	0.560606060606061	0.590909090909091	0.911255411255411	0.954545454545454
#4FA4E5	#4FA4E5	0.606060606060606	0.932900432900433	1	0.590909090909091	0.621212121212121	0.911255411255411	0.954545454545454
#4FA4E5	#4FA4E5	0.606060606060606	0.932900432900433	1	0.590909090909091	0.621212121212121	0.911255411255411	0.954545454545454
#4FA4E5	#4FA4E5	0.606060606060606	0.932900432900433	1	0.590909090909091	0.621212121212121	0.911255411255411	0.954545454545454
#4FA4E5	#4FA4E5	0.636363636363636	0.932900432900433	1	0.621212121212121	0.651515151515151	0.911255411255411	0.954545454545454
#4FA4E5	#4FA4E5	0.636363636363636	0.932900432900433	1	0.621212121212121	0.651515151515151	0.911255411255411	0.954545454545454
#4FA4E5	#4FA4E5	0.636363636363636	0.932900432900433	1	0.621212121212121	0.651515151515151	0.911255411255411	0.954545454545454
#4FA4E5	#4FA4E5	0.666666666666667	0.932900432900433	1	0.651515151515151	0.681818181818182	0.911255411255411	0.954545454545454
#51A8EB	#51A8EB	0.666666666666667	0.932900432900433	1	0.651515151515151	0.681818181818182	0.911255411255411	0.954545454545454
#51A8EB	#51A8EB	0.666666666666667	0.932900432900433	1	0.651515151515151	0.681818181818182	0.911255411255411	0.954545454545454
#51A8EB	#51A8EB	0.696969696969697	0.932900432900433	1	0.681818181818182	0.712121212121212	0.911255411255411	0.954545454545454
#51A8EB	#51A8EB	0.696969696969697	0.932900432900433	1	0.681818181818182	0.712121212121212	0.911255411255411	0.954545454545454
#51A8EB	#51A8EB	0.696969696969697	0.932900432900433	1	0.681818181818182	0.712121212121212	0.911255411255411	0.954545454545454
#51A8EB	#51A8EB	0.727272727272727	0.932900432900433	1	0.712121212121212	0.742424242424242	0.911255411255411	0.954545454545454
#51A8EB	#51A8EB	0.727272727272727	0.932900432900433	1	0.712121212121212	0.742424242424242	0.911255411255411	0.954545454545454
#51A8EB	#51A8EB	0.727272727272727	0.932900432900433	1	0.712121212121212	0.742424242424242	0.911255411255411	0.954545454545454
#53ACF1	#53ACF1	0.757575757575758	0.932900432900433	1	0.742424242424242	0.772727272727273	0.911255411255411	0.954545454545454
#53ACF1	#53ACF1	0.757575757575758	0.932900432900433	1	0.742424242424242	0.772727272727273	0.911255411255411	0.954545454545454
#53ACF1	#53ACF1	0.757575757575758	0.932900432900433	1	0.742424242424242	0.772727272727273	0.911255411255411	0.954545454545454
#53ACF1	#53ACF1	0.787878787878788	0.932900432900433	1	0.772727272727273	0.803030303030303	0.911255411255411	0.954545454545454
#53ACF1	#53ACF1	0.787878787878788	0.932900432900433	1	0.772727272727273	0.803030303030303	0.911255411255411	0.954545454545454
#53ACF1	#53ACF1	0.787878787878788	0.932900432900433	1	0.772727272727273	0.803030303030303	0.911255411255411	0.954545454545454
#53ACF1	#53ACF1	0.818181818181818	0.932900432900433	1	0.803030303030303	0.833333333333333	0.911255411255411	0.954545454545454
#53ACF1	#53ACF1	0.818181818181818	0.932900432900433	1	0.803030303030303	0.833333333333333	0.911255411255411	0.954545454545454
#53ACF1	#53ACF1	0.818181818181818	0.932900432900433	1	0.803030303030303	0.833333333333333	0.911255411255411	0.954545454545454
#53ACF1	#53ACF1	0.848484848484849	0.932900432900433	1	0.833333333333333	0.863636363636364	0.911255411255411	0.954545454545454
#55B1F7	#55B1F7	0.848484848484849	0.932900432900433	1	0.833333333333333	0.863636363636364	0.911255411255411	0.954545454545454
#55B1F7	#55B1F7	0.848484848484849	0.932900432900433	1	0.833333333333333	0.863636363636364	0.911255411255411	0.954545454545454
#55B1F7	#55B1F7	0.878787878787879	0.932900432900433	1	0.863636363636364	0.893939393939394	0.911255411255411	0.954545454545454
#55B1F7	#55B1F7	0.878787878787879	0.932900432900433	1	0.863636363636364	0.893939393939394	0.911255411255411	0.954545454545454
#55B1F7	#55B1F7	0.878787878787879	0.932900432900433	1	0.863636363636364	0.893939393939394	0.911255411255411	0.954545454545454
#55B1F7	#55B1F7	0.909090909090909	0.932900432900433	1	0.893939393939394	0.924242424242424	0.911255411255411	0.954545454545454
#55B1F7	#55B1F7	0.909090909090909	0.932900432900433	1	0.893939393939394	0.924242424242424	0.911255411255411	0.954545454545454
#55B1F7	#55B1F7	0.909090909090909	0.932900432900433	1	0.893939393939394	0.924242424242424	0.911255411255411	0.954545454545454
#55B1F7	#55B1F7	0.939393939393939	0.932900432900433	1	0.924242424242424	0.954545454545455	0.911255411255411	0.954545454545454
